i	0.764	2
i	2.3751	5
i	2.4647	6
i	5.2988	11
i	6.1707	13
i	6.6715	15
h 0	14.5016	2
i	16.3169	31
i	26.1147	50
i	30.0776	60
i	30.1465	61
h 0	31.1811	5
i	31.4695	64
i	32.9735	67
i	35.7868	74
h 0	36.8402	13
i	40.5002	83
i	42.4373	87
i	44.2521	90
i	49.7407	100
i	51.8724	106
i	52.8746	109
i	58.7134	121
h 0	59.979	15
h 0	59.9968	61
i	61.6921	129
i	65.9082	136
i	66.7169	138
i	68.0179	142
h 0	69.3623	64
h 0	69.3732	121
i	69.7919	146
i	73.6001	156
i	73.6908	157
h 0	74.1626	50
h 0	74.431	90
h 0	74.7041	67
h 0	82.7409	2
i	83.9549	175
h 0	88.9357	60
h 0	92.1909	5
i	94.195	193
i	94.205	194
h 0	97.3543	87
i	99.2398	205
h 0	103.185	83
h 0	103.467	13
h 0	104.136	109
i	104.279	215
i	104.52	217
h 0	105.078	106
i	105.281	220
i	106.96	224
i	108.593	227
i	110.522	231
i	110.639	232
i	110.651	233
i	110.652	234
h 0	110.992	194
i	112.423	238
h 0	113.2	138
i	113.523	241
i	114.069	243
h 0	114.851	100
h 0	116.686	233
h 0	117.308	136
h 0	117.688	156
i	117.911	249
h 0	118.717	175
i	119.259	253
i	119.348	254
h 0	119.909	142
i	122.211	261
h 0	123.493	15
h 0	124.735	231
i	124.765	267
h 0	125.159	121
i	125.376	270
i	129.502	280
i	131.081	285
h 0	131.643	220
h 0	132.213	146
h 0	134.263	64
h 0	138.173	234
h 0	138.945	50
h 0	140.207	90
h 0	146.701	205
h 0	148.089	60
h 0	148.594	217
i	149.865	318
h 0	150.906	193
h 0	151.565	267
h 0	152.253	285
h 0	153.004	318
h 0	153.201	5
h 0	153.535	249
i	155.396	326
h 0	157.155	87
i	160.063	337
i	160.077	338
i	161.912	342
i	161.951	343
i	163.498	347
i	163.608	348
h 0	164.338	253
h 0	166.822	83
h 0	168.082	241
i	169.136	360
i	169.239	361
i	169.938	364
i	170.044	365
h 0	170.095	13
i	170.109	366
i	170.372	368
i	171.928	371
h 0	172.54	106
h 0	173.497	109
i	173.502	374
h 0	173.641	194
h 0	175.491	233
h 0	178.079	337
h 0	179.096	175
h 0	179.604	138
h 1	180.618	100
h 0	180.834	136
h 0	180.944	121
h 0	181	326
h 0	181.466	280
i	181.499	389
h 0	182.269	156
i	182.604	392
i	184.604	396
i	186.662	400
i	190.403	409
i	190.462	410
h 0	192.125	234
h 0	192.795	409
h 0	192.953	231
i	195.696	420
i	195.699	421
i	195.812	422
h 0	197.08	400
h 0	197.375	146
h 0	197.549	220
i	198.49	428
i	200.152	432
h 0	200.677	343
h 0	200.778	421
h 0	203.728	50
i	205.513	440
i	205.739	442
h 0	210.668	366
i	210.745	452
h 0	211.269	368
i	211.943	455
i	212.403	457
h 0	213.601	193
h 0	215.412	452
h 0	216.346	217
h 0	216.956	87
h 0	218.069	285
h 0	218.204	249
h 0	218.756	389
h 0	219.259	371
h 0	220.486	318
h 0	221.473	267
h 0	222.706	396
i	223.358	478
h 0	223.751	338
h 0	225.666	253
i	229.431	490
i	230.836	494
h 0	233.111	490
h 0	237.42	432
h 0	237.772	442
h 1	238.467	241
h 0	239.475	175
h 0	242.857	109
h 0	244.36	136
h 0	245.415	280
h 0	246.008	138
h 1	246.077	234
h 0	246.85	156
h 0	255.936	440
h 0	261.17	231
h 0	261.61	421
i	261.661	550
i	261.776	551
h 0	263.455	220
h 0	264.631	400
i	267.852	565
h 0	276.296	193
i	276.328	583
h 0	276.756	87
h 0	280.851	389
i	281.774	593
h 0	282.873	249
h 0	284.097	217
h 0	285.553	396
i	286.587	603
h 0	286.993	253
h 0	287.656	494
i	288.397	607
i	290.92	612
h 0	298.527	442
h 0	299.082	490
h 0	299.798	603
h 0	299.854	175
h 0	300.029	234
h 0	300.279	432
i	301.89	630
i	302.595	632
i	308.335	643
h 0	308.852	241
h 0	309.365	280
h 0	312.218	109
i	312.321	651
h 0	312.412	138
i	314.078	656
i	316.561	662
i	320.281	669
h 0	320.733	550
h 0	322.442	421
i	322.805	676
h 0	325.522	630
h 0	325.696	440
h 0	326.222	662
i	327.954	684
h 0	329.36	220
h 0	329.387	231
h 0	338.99	193
h 0	342.946	389
i	344.563	717
i	345.399	719
h 0	346.053	676
h 0	346.748	684
h 0	348.4	396
i	350.484	727
i	351.616	730
i	351.63	731
h 0	351.908	717
i	352.633	735
h 0	353.981	234
i	354.176	740
i	354.223	741
i	354.992	743
h 0	355.969	740
h 0	356.97	651
h 0	360.233	175
i	361.719	756
h 0	363.139	432
i	363.344	761
i	364.563	764
h 0	365.054	490
h 0	368.935	603
i	369.826	774
h 0	370.721	741
h 0	370.987	643
h 0	373.315	280
i	376.134	785
h 0	377.853	785
h 0	378.816	138
i	380.215	793
i	380.323	794
i	381.361	797
i	382.801	801
i	382.83	802
h 0	383.275	421
h 0	384.15	802
h 0	384.153	761
h 0	385.833	719
h 0	387.571	735
i	393.003	821
i	393.062	822
h 0	393.999	662
i	397.108	830
i	399.738	837
h 0	400.567	730
i	403.436	845
h 0	403.573	676
h 0	408.255	684
h 0	408.795	845
i	408.81	853
h 0	409.678	731
h 0	414.854	797
h 0	415.33	743
i	416.009	868
i	417.347	873
h 0	420.11	717
h 0	420.93	740
i	422.862	882
h 0	423.083	830
i	424.226	886
i	424.483	888
h 0	424.789	651
i	425.322	891
h 0	425.777	837
h 0	425.999	432
h 0	426.16	821
h 0	428.179	853
h 0	428.725	774
i	430.574	900
i	432.842	904
i	441.527	918
h 0	441.978	918
h 0	444.107	421
h 0	445.026	822
h 0	445.595	761
h 0	446.168	785
h 0	449.955	802
i	451.082	938
i	452.594	941
h 0	454.744	900
i	455.057	946
i	456.68	950
i	458.716	954
i	460.396	958
i	463.387	964
h 0	464.165	888
i	466.063	970
h 0	466.803	730
h 0	466.858	904
i	468.822	978
h 0	469.762	684
h 0	470.275	731
i	470.398	982
h 0	472.246	970
h 0	475.515	882
h 0	475.869	797
i	476.457	994
h 0	476.578	845
h 0	478.803	743
h 0	480.29	891
h 0	482.702	964
h 0	483.149	941
h 0	484.348	886
i	486.528	1017
i	488.476	1023
h 0	488.535	821
h 0	491.897	982
h 0	492.608	651
h 0	493.183	1023
h 0	497.406	774
h 0	502.407	950
h 0	507.036	761
h 0	507.492	994
i	508.229	1060
i	510.865	1065
h 0	514.483	785
h 0	515.759	802
i	517.228	1076
i	519.872	1082
i	524.676	1091
i	524.787	1092
h 0	526.541	888
i	526.64	1098
h 0	527.253	978
i	528.675	1102
i	529.955	1105
h 0	530.872	731
h 0	533.038	730
i	534.086	1114
h 0	534.457	1017
h 0	535.019	1105
h 0	537.503	970
i	539.867	1126
i	540.938	1129
h 0	542.276	743
h 0	544.33	891
h 0	544.362	845
h 0	544.38	1065
h 0	545.217	1060
h 0	545.756	1102
h 0	547.124	1091
h 0	550.269	964
h 0	551.168	1114
i	551.855	1149
i	552.732	1152
i	556.488	1163
h 0	560.427	651
h 0	561.062	1023
i	562.636	1175
i	562.674	1176
h 0	564.86	1163
h 0	566.088	774
h 0	566.362	1152
h 0	566.892	950
i	567.187	1184
i	568.881	1188
i	570.491	1192
i	573.535	1199
i	575.972	1204
i	575.977	1205
i	580.979	1215
h 0	581.509	1175
h 0	581.538	1082
i	582.86	1220
h 0	586.533	1188
h 0	588.916	888
h 0	595.003	1199
h 0	596.254	1215
i	596.96	1242
i	597.021	1243
h 0	598.563	1184
h 0	599.274	730
i	600.936	1250
h 0	601.782	1065
h 0	602.761	970
i	603.26	1254
h 0	604.224	1105
h 0	604.533	1176
h 0	606.228	1060
i	607.977	1262
i	608.014	1263
i	608.9	1266
h 0	612.145	845
i	612.78	1273
i	612.808	1274
i	613.087	1276
i	613.946	1278
h 0	614.222	1204
h 0	614.952	1242
h 0	617.837	964
i	618.598	1286
h 0	619.301	1114
h 0	619.985	1274
i	622.482	1294
i	622.669	1296
h 0	623.995	1273
h 0	625.557	1266
h 0	626.483	1296
h 0	627.352	1163
h 0	629.028	1205
h 0	632.32	1262
i	639.992	1325
i	640.609	1327
i	642.693	1332
h 0	643.306	1175
h 0	645.428	1082
h 0	645.645	1243
i	647.584	1342
i	647.697	1343
i	649.884	1348
h 0	652.429	1263
h 0	654.161	1188
i	655.383	1360
i	657.991	1368
i	658.107	1369
i	665.029	1381
h 0	667.239	1060
h 0	667.684	1348
h 0	668.019	970
i	668.127	1387
i	669.603	1390
h 0	671.288	1276
h 0	671.481	1325
h 0	672.138	1176
i	673.108	1397
i	675.941	1404
h 0	676.449	1390
h 0	676.895	1204
i	677.049	1408
h 0	679.078	1342
h 0	679.881	1242
h 0	680.531	1332
i	681.187	1415
h 0	685.404	964
h 0	687.433	1114
h 0	689.843	1163
h 0	690.542	1274
h 0	694.619	1273
h 0	696.389	1205
h 0	696.958	1296
i	698.708	1447
i	700.818	1453
i	702.926	1458
h 0	708.86	1404
h 0	710.639	1453
i	712.921	1477
h 0	716.713	1263
h 0	718.892	1408
i	719.863	1491
h 0	720.171	1491
h 0	720.933	1368
i	722.628	1496
h 0	726.034	1397
h 0	726.425	1415
i	726.718	1503
i	726.755	1504
h 0	729.444	1503
i	730.902	1512
h 0	731.331	1325
h 0	733.166	1276
h 0	734.116	1348
h 0	735.67	1512
i	736.065	1521
h 0	736.101	1332
i	739.005	1528
i	742.953	1538
i	747.138	1548
i	747.208	1549
h 0	752.334	1163
h 0	752.972	964
h 0	755.566	1114
i	758.066	1568
i	759.645	1573
i	760.587	1575
h 0	761.098	1274
h 0	763.75	1205
i	764.586	1581
h 0	765.242	1273
h 0	768.507	1575
h 0	769.7	1504
h 0	772.486	1453
h 0	773.376	1521
h 0	774.435	1404
i	775.207	1601
i	775.304	1602
h 0	775.603	1549
h 0	775.844	1496
i	778.522	1607
h 0	780.263	1538
h 0	781.661	1491
i	786.019	1622
h 0	791.181	1325
i	791.219	1631
h 0	791.67	1332
h 0	792.285	1581
h 0	794.114	1415
i	795.474	1638
i	797.88	1646
i	798.065	1648
h 0	798.438	1512
h 0	798.542	1573
h 0	800.548	1348
h 0	800.898	1607
h 0	801.542	1568
i	804.225	1661
i	807.681	1669
i	812.779	1679
i	813.707	1681
i	813.753	1682
h 0	814.826	1163
i	817.045	1690
i	819.139	1695
i	819.14	1696
h 0	820.158	1648
h 0	820.777	1646
i	826.786	1712
i	829.187	1717
h 0	831.111	1205
h 0	833.007	1682
h 0	833.525	1504
h 0	834.332	1453
h 0	834.918	1521
h 0	835.866	1273
h 0	838.031	1638
h 0	838.034	1681
i	839.552	1735
h 0	840.011	1404
h 0	843.152	1491
h 0	843.414	1496
i	845.287	1744
h 0	847.24	1332
h 0	849.905	1735
i	851.559	1755
i	853.102	1758
i	855.937	1764
i	856.055	1765
h 0	857.447	1581
h 0	860.666	1696
h 0	861.206	1512
i	861.282	1777
h 0	864.339	1568
h 0	865.827	1712
h 0	866.979	1348
h 0	868.831	1695
h 0	870.997	1777
i	873.972	1802
i	874.041	1803
i	874.667	1805
i	874.69	1806
i	878.728	1812
h 0	879.032	1802
h 0	882.488	1648
i	883.134	1822
h 0	887.022	1755
i	888.018	1830
h 0	888.286	1646
h 0	894.417	1682
h 0	896.178	1453
h 0	897.478	1806
h 0	897.636	1822
i	898.674	1849
h 0	900.861	1638
i	901.016	1854
h 0	903.215	1681
i	904.888	1862
h 0	905.641	1735
h 0	905.755	1849
h 0	905.759	1803
h 0	906.029	1805
h 0	906.97	1744
h 0	910.984	1496
i	913.286	1879
i	917.603	1887
h 0	920.123	1854
h 0	927.135	1568
i	927.137	1904
i	928.197	1906
h 0	928.442	1696
h 0	930.896	1712
h 0	931.557	1695
h 0	932.171	1777
i	933.47	1917
i	933.551	1918
h 0	934.24	1887
i	937.121	1925
h 0	937.813	1918
i	940.078	1933
h 0	941.649	1802
i	943.071	1938
i	947.214	1950
i	947.296	1951
h 0	948.432	1951
i	950.316	1956
i	953.784	1964
h 0	955.795	1646
h 0	956.361	1862
i	956.539	1970
i	956.887	1972
h 0	960.315	1972
h 0	961.376	1735
h 0	962.5	1806
i	964.436	1986
h 0	968.396	1681
h 0	969.114	1805
h 0	969.641	1917
i	969.988	1996
i	973.082	2002
i	973.984	2005
h 0	978.554	1496
i	980.08	2014
i	982.595	2021
h 0	983.529	1854
i	983.833	2025
i	986.521	2032
i	988.185	2036
i	988.221	2037
h 0	989.932	1568
i	990.571	2042
h 0	992.656	1933
h 0	993.346	1777
i	993.676	2049
h 0	995.965	1712
h 0	996.217	1696
h 0	998.156	2025
h 0	1001.07	1964
i	1002.58	2065
i	1002.61	2066
h 0	1002.94	1938
h 0	1003.29	1956
i	1003.45	2069
h 0	1004.77	2065
h 0	1007.44	2066
h 0	1008.01	2032
h 0	1011.41	2069
i	1011.69	2084
h 0	1011.93	1996
i	1014.45	2091
h 0	1015.52	2021
h 0	1017.02	2014
i	1019.04	2100
h 0	1019.29	1970
i	1020.34	2103
i	1022.75	2108
i	1024.1	2111
h 0	1024.53	1862
h 0	1025.12	2049
i	1025.64	2115
h 0	1027.12	1972
h 0	1027.52	1806
h 0	1028.23	2111
i	1031.56	2126
i	1031.57	2127
h 0	1032.32	2036
h 0	1033.66	2005
h 0	1034.15	2037
i	1034.34	2132
h 0	1036.56	1917
h 0	1037.06	2103
i	1037.42	2138
i	1041.02	2148
i	1041.05	2149
i	1043.01	2154
h 0	1044.8	2132
i	1049.47	2166
h 0	1051.73	2138
i	1052.89	2174
h 0	1054.52	1777
i	1060.24	2186
h 0	1061.79	2025
i	1062.53	2190
i	1062.53	2191
h 0	1063.99	1696
h 0	1064.33	1956
i	1068.35	2203
h 0	1068.94	1938
i	1070.82	2209
h 0	1073.18	2032
h 0	1074.35	2069
h 0	1075.6	2127
h 0	1075.67	2066
i	1078.67	2225
h 0	1080.09	2021
i	1080.65	2231
i	1080.71	2232
i	1080.79	2233
h 0	1084.12	2014
h 0	1085.67	1970
h 0	1087.56	2126
h 0	1089.87	2186
h 0	1091.32	2111
i	1091.75	2253
h 0	1092.7	1862
h 0	1093.87	2191
h 0	1093.93	1972
h 0	1095.64	2148
i	1097.37	2267
h 0	1097.58	2036
h 0	1098.12	2005
h 0	1101.06	2037
h 0	1103.47	1917
h 0	1103.72	2149
h 0	1103.77	2103
i	1106.68	2285
i	1107.11	2287
h 0	1108.35	2132
i	1109.5	2292
i	1109.52	2293
i	1109.56	2294
i	1113.37	2302
i	1114.88	2305
h 0	1117.12	2232
i	1119.37	2315
h 0	1119.49	2225
h 0	1119.66	2190
i	1122.04	2320
h 0	1131.77	1696
i	1132.32	2343
h 0	1134.73	2294
i	1134.85	2349
i	1134.93	2350
h 0	1134.93	1938
h 0	1135.78	2285
h 0	1137.3	2069
h 0	1138.35	2032
i	1139.17	2358
h 0	1141.34	2127
i	1142.48	2366
h 0	1143.25	2350
h 0	1143.9	2066
h 0	1144.65	2021
i	1145.03	2370
h 0	1145.13	2126
i	1145.91	2372
h 0	1147.95	2302
i	1148.75	2378
h 0	1149.56	2315
i	1150.42	2383
h 0	1151.96	2320
h 0	1155.31	2191
h 0	1157.03	2293
i	1157.63	2395
i	1157.69	2396
h 0	1158.75	2366
h 0	1160.57	2349
h 0	1162.84	2036
h 0	1165.45	2383
i	1166.57	2412
h 0	1170.34	2149
h 0	1170.39	1917
h 0	1170.47	2103
h 0	1171.91	2132
h 0	1172.65	2292
i	1179.58	2439
h 0	1181.64	2305
i	1182.27	2444
i	1182.85	2446
i	1183.47	2448
h 0	1184.93	2370
h 0	1185.2	2190
h 0	1185.78	2439
h 0	1186.38	2225
h 0	1186.46	2412
h 0	1194.06	2378
i	1195.02	2467
h 0	1200.24	2069
h 0	1201.83	2294
h 0	1202.7	2126
i	1202.78	2483
i	1202.89	2484
i	1202.98	2485
h 0	1203.27	2302
h 0	1203.52	2032
h 0	1205.05	2372
i	1206.52	2492
h 0	1206.68	2492
i	1207.37	2494
i	1207.42	2495
h 0	1209.22	2021
h 0	1212.41	2315
i	1213.35	2508
h 0	1216.74	2191
i	1217.46	2516
i	1218.28	2519
i	1219.35	2522
h 0	1220.1	2366
h 0	1222.35	2495
h 0	1224.68	2293
i	1230.2	2541
i	1231.97	2545
h 0	1232.12	2383
h 0	1236.44	2292
h 0	1237.17	2103
i	1239.13	2558
i	1239.2	2559
i	1244.37	2568
h 0	1247.03	2519
h 0	1247.13	2370
h 0	1249.88	2412
i	1249.99	2581
h 0	1250.46	2305
h 0	1250.75	2190
h 0	1251.34	2516
i	1252.06	2587
i	1257.3	2597
h 0	1258.58	2302
i	1260.41	2602
i	1261.71	2605
i	1263.24	2608
i	1265.86	2613
i	1265.88	2614
h 0	1266.08	2597
i	1267.8	2618
i	1268.48	2621
i	1269.18	2624
i	1269.22	2625
h 0	1269.89	2492
h 0	1270.23	2372
h 0	1271.9	2605
i	1272.01	2632
i	1272.85	2634
i	1274.39	2638
h 0	1274.8	2602
h 0	1274.81	2559
h 0	1275.26	2315
i	1276.14	2644
i	1277.2	2648
h 0	1278.18	2191
i	1281.42	2657
h 0	1281.45	2366
i	1282.08	2660
h 0	1282.87	2618
i	1283.04	2662
h 0	1283.53	2662
i	1288.2	2672
i	1289.36	2675
h 0	1290.35	2621
h 0	1292.34	2293
h 0	1293.69	2495
h 0	1298.79	2383
h 0	1299.46	2625
h 0	1300.23	2292
i	1300.32	2695
h 0	1302.21	2624
h 0	1303.57	2638
h 0	1308.56	2519
i	1309.5	2712
h 0	1310.77	2614
h 0	1311.74	2660
i	1312.23	2719
i	1313.33	2723
h 0	1313.57	2516
h 0	1313.89	2302
i	1314.59	2727
h 0	1314.66	2657
i	1317.22	2733
i	1317.98	2735
h 0	1319.68	2634
i	1324.2	2748
i	1324.3	2749
i	1324.33	2750
i	1327.06	2758
h 0	1327.66	2727
h 0	1329.89	2719
i	1332.96	2770
h 0	1333.09	2492
h 0	1333.19	2597
i	1334.95	2774
h 0	1335.42	2372
i	1337.65	2780
h 0	1338.55	2672
h 0	1339.24	2602
h 0	1339.62	2191
h 0	1340.42	2695
i	1342.2	2788
i	1343.2	2791
i	1344.87	2795
i	1348.62	2803
h 0	1349.49	2758
h 0	1349.72	2618
i	1352.87	2811
i	1356.32	2822
i	1357.72	2827
h 0	1360.09	2621
i	1361.04	2834
h 0	1362.46	2625
h 0	1362.69	2774
h 0	1364.02	2292
h 0	1364.99	2795
h 0	1365.46	2383
i	1366.39	2845
h 0	1367.6	2723
h 0	1368.64	2624
h 0	1369.97	2733
i	1370.8	2855
i	1373.31	2859
h 0	1375.79	2516
i	1376.47	2865
h 0	1376.53	2614
i	1376.58	2866
i	1376.68	2867
h 0	1377.06	2834
h 0	1378.83	2827
i	1379.36	2873
i	1379.4	2874
i	1379.49	2875
i	1385.69	2889
i	1387.41	2894
h 0	1393.62	2750
h 0	1395.36	2894
h 0	1396.3	2492
h 0	1396.48	2695
h 0	1397.72	2672
h 0	1398.07	2791
i	1398.53	2913
i	1400.27	2918
i	1401.23	2920
i	1401.32	2921
h 0	1401.34	2822
i	1402.22	2924
i	1403.37	2927
h 0	1403.67	2602
i	1404.33	2929
h 0	1405.94	2865
h 0	1406.83	2913
h 0	1409.21	2758
i	1410.12	2941
h 0	1416.57	2618
i	1417.62	2953
i	1419.41	2957
h 0	1419.88	2811
i	1420.69	2961
i	1427.26	2973
i	1428.47	2976
h 0	1428.6	2774
h 0	1429.65	2795
h 0	1430.11	2874
h 0	1431.24	2973
h 0	1431.41	2723
h 0	1432.13	2383
i	1433.25	2986
h 0	1434.98	2953
i	1436.19	2993
h 0	1437.97	2929
h 0	1438.41	2920
i	1438.46	2998
h 0	1439.41	2733
i	1441.4	3004
h 0	1442.29	2614
h 0	1446.5	2889
i	1446.75	3013
h 0	1448.24	2834
h 0	1449.69	2918
h 0	1449.94	3004
i	1451.53	3025
h 0	1452.54	2695
h 0	1454.7	3013
h 0	1456.16	2961
h 0	1456.88	2672
i	1458.96	3040
i	1460.05	3042
h 0	1463.63	2822
h 0	1464.32	2750
i	1465.66	3054
h 0	1468.5	2913
h 0	1468.93	2758
i	1469.2	3062
i	1469.32	3063
i	1470.22	3065
i	1470.73	3067
h 0	1470.81	2865
i	1471.55	3069
i	1476.24	3077
h 0	1480.18	2986
h 0	1482.08	3054
h 0	1483.42	2618
h 0	1487.57	2811
h 0	1489.49	3067
i	1491.65	3105
h 0	1491.83	2973
h 0	1493.78	3077
h 0	1494.31	2795
i	1496.31	3114
h 0	1498.27	3065
h 0	1502.79	2953
i	1504.31	3128
h 0	1505.07	2929
h 0	1507.91	3040
i	1508.77	3138
i	1509.78	3142
h 0	1509.93	3105
i	1512.49	3147
h 0	1513.44	2918
h 0	1515.57	3138
h 0	1516.05	2672
h 0	1516.44	3025
h 0	1516.82	3004
h 0	1517.08	2961
i	1523.4	3168
h 0	1525.66	3013
h 0	1526.31	3128
h 0	1528.65	2758
i	1529.47	3178
h 0	1530.17	2913
i	1532.15	3182
h 0	1535.64	3168
h 0	1535.67	2865
i	1539.45	3196
i	1539.54	3197
i	1540.42	3200
h 0	1540.73	2986
i	1544.91	3208
i	1544.95	3209
h 0	1550.27	2618
h 0	1552.03	3067
h 0	1552.42	2973
i	1554.12	3228
i	1554.19	3229
h 0	1557	3196
h 0	1559.83	3182
h 0	1561.31	3228
h 0	1561.65	3065
i	1563.66	3246
h 0	1563.83	3077
i	1564.67	3249
h 0	1567.91	3249
i	1568.08	3255
i	1568.74	3258
h 0	1569.98	3142
h 0	1570.61	2953
h 0	1570.93	3209
i	1572.51	3265
h 0	1573.22	3105
h 0	1573.63	3178
h 0	1578	2961
h 0	1580.64	3208
i	1582.37	3285
i	1582.46	3286
h 0	1582.73	3286
h 0	1583.69	3004
i	1584.01	3290
i	1586.77	3296
i	1587.95	3299
h 0	1588.38	2758
i	1588.88	3301
i	1588.92	3302
h 0	1591.84	2913
h 0	1593.35	3285
h 0	1593.42	3200
i	1594.22	3315
h 0	1596.61	3013
i	1597.77	3323
h 0	1597.98	3168
h 0	1600.53	3258
i	1600.66	3330
h 0	1601.27	2986
h 0	1602.17	3246
i	1603.73	3337
h 0	1605.73	3255
h 0	1606.77	3323
h 0	1610.29	3337
i	1613.73	3357
i	1613.85	3358
h 0	1614.58	3067
i	1616.05	3362
i	1616.07	3363
i	1616.36	3365
h 0	1616.94	3365
i	1621.41	3379
h 0	1623.82	3290
h 0	1625.03	3065
h 0	1626.55	3315
h 0	1627.79	3302
i	1629.65	3397
i	1631.6	3400
i	1632.25	3403
i	1632.26	3404
i	1632.37	3405
h 0	1633.87	3077
i	1633.96	3409
i	1634.07	3410
h 0	1635.22	3209
i	1635.57	3414
h 0	1636.9	3379
h 0	1637.41	3178
i	1637.76	3419
h 0	1638.5	3330
h 0	1645.45	3363
i	1648.49	3437
i	1650.13	3440
h 0	1651.16	3409
h 0	1651.29	3397
i	1653.11	3445
i	1653.13	3446
i	1653.37	3448
i	1653.44	3449
h 0	1655.97	3357
i	1656.15	3456
i	1659.44	3462
h 0	1660.13	3285
h 0	1660.31	3168
h 0	1661.78	3200
i	1661.81	3469
i	1661.88	3470
i	1661.92	3471
h 0	1662.85	3258
h 0	1663.98	3404
i	1664.09	3476
h 0	1664.12	3400
h 0	1668.47	3255
i	1669.29	3487
h 0	1670.45	3469
h 0	1671.1	3419
h 0	1671.64	3337
h 0	1672.12	3246
h 0	1672.19	3449
i	1672.19	3494
h 0	1673.93	3323
h 0	1678.72	3437
i	1679.47	3509
i	1680.44	3512
h 0	1680.73	3494
h 0	1682.04	3462
h 0	1682.89	3446
h 0	1682.96	3365
i	1684.07	3519
i	1687.34	3527
i	1689.22	3531
i	1689.31	3532
i	1689.33	3533
h 0	1690.53	3532
h 0	1690.72	3471
h 0	1692.01	3290
h 0	1692.88	3470
i	1693.77	3541
i	1693.86	3542
i	1694.86	3546
h 0	1694.87	3302
h 0	1695.28	3403
i	1697.2	3550
h 0	1701.2	3178
i	1703.05	3562
h 0	1704.63	3379
h 0	1704.68	3330
h 0	1706.51	3456
h 0	1707.24	3527
i	1707.69	3575
i	1707.83	3577
i	1707.95	3578
i	1708.47	3580
i	1708.93	3582
i	1709.23	3584
i	1709.99	3586
h 0	1710.1	3363
h 0	1713.53	3397
i	1713.98	3594
i	1714.85	3597
h 0	1716.97	3409
i	1718.92	3606
i	1719.12	3608
h 0	1721.23	3357
i	1722.34	3615
h 0	1722.37	3533
h 0	1723.33	3476
h 0	1724.14	3400
i	1725.02	3620
h 0	1726.03	3575
h 0	1726.9	3285
i	1727.88	3626
h 0	1728.22	3577
h 0	1730.05	3404
h 0	1730.13	3200
h 0	1730.87	3550
h 0	1733	3337
i	1733.37	3637
i	1735.52	3641
h 0	1737.4	3519
h 0	1741.1	3323
h 0	1742.07	3246
h 0	1742.97	3580
h 0	1746.26	3462
i	1746.95	3665
h 0	1749.25	3446
i	1750.17	3671
i	1750.21	3672
h 0	1750.36	3608
i	1750.88	3674
h 0	1751.3	3541
i	1751.38	3676
h 0	1755.9	3471
i	1757.51	3688
i	1757.52	3689
i	1759.09	3692
i	1759.4	3694
h 0	1759.58	3403
i	1762.58	3701
i	1762.68	3702
h 0	1762.95	3676
i	1763.36	3704
i	1764.09	3706
h 0	1764.98	3178
h 0	1767.31	3665
h 0	1767.41	3689
h 0	1770.7	3527
h 0	1770.86	3330
i	1772.03	3723
i	1772.07	3724
h 0	1772.36	3379
i	1773.2	3727
i	1774.65	3730
h 0	1775.77	3397
h 0	1777.72	3637
i	1782.25	3743
h 0	1783.86	3672
h 0	1784.17	3400
h 0	1784.71	3730
h 0	1786.49	3357
h 0	1787.42	3533
h 0	1788.87	3701
h 0	1790.14	3577
h 0	1791.37	3727
h 0	1792.21	3575
i	1793.2	3766
h 0	1793.23	3626
i	1793.29	3767
h 0	1793.7	3724
h 0	1796.11	3404
i	1798.34	3776
h 0	1798.49	3200
h 0	1798.77	3671
h 0	1802.22	3580
i	1802.5	3785
h 0	1804.33	3519
h 0	1804.43	3688
i	1806.11	3792
h 0	1806.84	3743
i	1806.89	3795
h 0	1807.27	3785
i	1807.84	3797
h 0	1808.26	3323
h 0	1808.71	3694
h 0	1810.48	3462
h 0	1815.61	3446
i	1818.02	3819
h 0	1819.15	3706
i	1821.76	3829
i	1822.99	3832
h 0	1823.89	3403
h 0	1825.85	3689
h 0	1829	3676
h 0	1829.7	3797
i	1831.51	3850
i	1833.98	3856
i	1835.33	3859
i	1835.39	3860
i	1836.47	3863
h 0	1837.05	3330
h 0	1838.01	3397
h 0	1838.26	3850
h 0	1838.65	3665
i	1842.83	3876
h 0	1843.97	3819
h 0	1844.19	3400
i	1845.97	3882
h 0	1846.14	3672
h 0	1851.1	3730
h 0	1851.75	3357
h 0	1852.07	3577
h 0	1852.47	3533
i	1853.38	3897
i	1857.49	3904
h 0	1858.34	3671
h 0	1859.47	3727
h 0	1859.69	3832
h 0	1859.91	3626
h 0	1860.93	3724
h 0	1861.47	3580
i	1863.37	3913
i	1864.43	3916
h 0	1868.15	3694
h 0	1869.75	3688
i	1870.43	3928
i	1870.52	3929
i	1871.34	3931
i	1871.78	3933
h 0	1872.42	3897
h 0	1874.71	3462
h 0	1875.42	3323
h 0	1883.06	3916
i	1883.26	3957
h 0	1884.28	3689
i	1888.51	3968
i	1889.16	3970
i	1889.61	3973
h 0	1889.97	3876
h 0	1890.34	3706
i	1890.63	3976
h 0	1890.76	3931
h 0	1890.84	3968
h 0	1893.33	3856
h 0	1895.05	3676
h 0	1896.01	3797
i	1900.25	3997
i	1900.92	4000
h 0	1904.22	3400
i	1904.54	4006
h 0	1905.47	3819
h 0	1906.59	3904
h 0	1910	3665
h 0	1914	3577
i	1915.45	4027
h 0	1917.5	3730
i	1917.72	4032
h 0	1917.91	3671
i	1918.07	4034
h 0	1918.66	3973
h 0	1920.72	3580
i	1924.61	4047
i	1925.95	4050
h 0	1926.6	3626
h 0	1927.09	3832
h 0	1927.56	3727
i	1927.87	4054
i	1928.28	4056
h 0	1928.72	3933
i	1929.66	4060
i	1930.41	4062
i	1930.78	4064
i	1931.29	4066
i	1932.62	4070
i	1932.69	4071
i	1936.44	4079
h 0	1938.93	3462
h 0	1941.24	3897
h 0	1942.71	3689
i	1944.77	4093
i	1945.48	4095
h 0	1946.74	3957
h 0	1947.81	4032
i	1950.5	4104
h 0	1951.8	4095
i	1953.27	4110
i	1953.39	4111
h 0	1954.33	4060
i	1956.2	4116
h 0	1956.25	3856
h 0	1956.9	3968
h 0	1956.93	3876
i	1958.75	4123
i	1960.71	4129
h 0	1961.1	3676
h 0	1961.88	3931
h 0	1962.26	4054
h 0	1962.33	3797
h 0	1962.37	4071
i	1963.22	4136
i	1963.29	4137
h 0	1965.67	4050
h 0	1966.96	3819
i	1966.97	4145
h 0	1969.43	4093
i	1973.18	4157
i	1973.37	4159
h 0	1973.99	3904
i	1976.22	4166
i	1976.24	4167
i	1976.26	4168
i	1978.3	4172
h 0	1979.28	4167
i	1980.17	4176
h 0	1980.3	4172
i	1981.08	4178
h 0	1981.35	3665
h 0	1981.82	4136
h 0	1983.9	3730
h 0	1984.42	4129
i	1984.92	4186
h 0	1987.88	4168
h 0	1987.94	3973
h 0	1991.24	4123
h 0	1992.71	4110
i	1995.26	4205
h 0	1996.75	4137
h 0	1996.78	3933
h 0	2001.14	3689
h 0	2004.62	4176
h 0	2008.38	4205
h 0	2008.99	4159
h 0	2012.93	4060
i	2017.37	4247
h 0	2019.17	3856
h 0	2022.97	3968
h 0	2023.9	3876
h 0	2028.04	4157
i	2028.09	4265
h 0	2028.45	3819
h 0	2028.64	3797
h 0	2030.52	4050
i	2030.57	4269
i	2035.35	4279
h 0	2035.61	4247
i	2038.84	4288
i	2038.86	4289
i	2040.26	4294
h 0	2043.12	4265
h 0	2045.99	4168
h 0	2046.29	4167
h 0	2049.2	4129
h 0	2050.29	3730
i	2052.63	4318
h 0	2054.93	4123
i	2055.99	4325
h 0	2057.23	3973
i	2059.95	4333
i	2061.53	4339
i	2063.58	4343
h 0	2064.84	3933
i	2067.91	4352
i	2068.02	4353
i	2069.77	4357
i	2069.79	4358
h 0	2070.15	4159
i	2070.3	4360
i	2073	4367
h 0	2074.09	4176
h 0	2074.36	4339
h 0	2078.78	4360
h 0	2079.92	4289
i	2080.75	4382
h 0	2081.74	4288
i	2081.97	4387
i	2082.07	4388
h 0	2082.67	4358
i	2084.04	4394
i	2086.83	4400
i	2087.68	4404
h 0	2089.35	4333
h 0	2090.87	3876
i	2094.35	4419
h 0	2094.51	4157
h 0	2095.36	4050
i	2097.07	4424
h 0	2100.46	4424
i	2101.7	4432
i	2102.25	4434
h 0	2103.41	4247
h 0	2104.1	4168
h 0	2104.48	4265
i	2105.23	4439
i	2105.24	4440
h 0	2107.43	4440
i	2110.06	4447
i	2112.98	4455
h 0	2113.3	4167
h 0	2113.59	4357
h 0	2113.98	4129
i	2114.47	4459
i	2116.74	4464
h 0	2118.63	4123
i	2119.08	4469
h 0	2119.68	4439
i	2127.03	4484
h 0	2129.16	4469
i	2129.59	4490
i	2129.6	4491
h 0	2131.32	4159
h 0	2131.49	4382
i	2131.84	4496
h 0	2134.55	4419
i	2135.23	4507
h 0	2141.43	4387
h 0	2141.84	4360
h 0	2143.04	4289
h 0	2143.5	4339
h 0	2143.56	4176
h 0	2143.82	4288
h 0	2148	4394
h 0	2151.99	4358
h 0	2152.84	4333
h 0	2155.71	4464
h 0	2158.18	4484
h 0	2160.99	4157
h 0	2161.27	4424
i	2161.29	4559
i	2161.33	4560
h 0	2162.21	4168
h 0	2162.33	4491
i	2165.31	4568
h 0	2165.83	4265
i	2166.13	4571
i	2166.59	4573
h 0	2168.32	4432
h 0	2168.81	4440
i	2169.41	4578
i	2171.59	4583
h 0	2173.84	4507
i	2176.46	4592
h 0	2177.95	4560
h 0	2178.75	4129
i	2180.27	4600
h 0	2181.93	4571
h 0	2182.32	4123
h 0	2185.01	4573
i	2187.67	4613
i	2190.68	4619
h 0	2190.71	4568
h 0	2192.49	4159
h 0	2193.15	4578
h 0	2194.24	4619
h 0	2196.95	4419
i	2198.06	4635
i	2202.03	4643
i	2202.07	4644
h 0	2204.9	4360
h 0	2206.16	4289
i	2208.46	4657
h 0	2212.27	4394
i	2212.59	4667
i	2212.67	4668
h 0	2213.03	4176
i	2220.14	4682
h 0	2221.31	4358
h 0	2222.08	4424
h 0	2222.47	4464
h 0	2224.05	4491
i	2225.98	4693
i	2226.07	4694
h 0	2226.48	4635
h 0	2226.79	4667
h 0	2227.46	4157
h 0	2227.78	4668
i	2229.07	4700
i	2229.57	4704
i	2229.69	4705
h 0	2230.19	4440
h 0	2230.55	4682
h 0	2231.91	4700
i	2233.61	4712
i	2234.98	4715
h 0	2237.29	4571
h 0	2238.06	4432
i	2240.07	4725
i	2240.8	4728
i	2248.26	4742
h 0	2249.19	4644
h 0	2249.23	4657
h 0	2249.58	4573
h 0	2250.7	4742
h 0	2251.93	4619
h 0	2253.03	4613
i	2256.6	4755
h 0	2259.36	4419
i	2263.43	4769
h 0	2263.53	4728
h 0	2267.96	4360
i	2269.31	4783
i	2270.12	4785
h 0	2272.11	4755
h 0	2272.65	4783
i	2272.74	4790
i	2272.79	4791
h 0	2273.51	4790
h 0	2276.55	4394
i	2276.64	4799
h 0	2280.03	4715
i	2281.98	4807
h 0	2282.38	4704
h 0	2282.89	4424
i	2283.76	4811
i	2283.77	4812
h 0	2284.14	4799
h 0	2285.77	4491
i	2287.89	4821
h 0	2289.85	4635
h 0	2291.57	4440
h 0	2292.04	4682
h 0	2292.21	4667
h 0	2292.64	4571
i	2292.82	4830
i	2292.89	4831
h 0	2294.43	4700
i	2294.64	4836
h 0	2302.02	4836
i	2303.02	4852
i	2304.57	4857
i	2304.6	4858
h 0	2305.17	4785
h 0	2307.84	4742
h 0	2313.29	4821
h 0	2313.56	4644
i	2314.16	4877
h 0	2317.5	4657
h 0	2318.42	4769
i	2318.97	4887
i	2319.94	4889
i	2323.15	4895
h 0	2323.96	4613
h 0	2326.12	4791
i	2326.99	4902
i	2329.06	4906
i	2329.92	4908
i	2330	4909
h 0	2331.66	4728
h 0	2332.64	4812
h 0	2335.24	4790
h 0	2336.85	4755
h 0	2337.27	4889
h 0	2337.79	4783
i	2338.04	4927
h 0	2343.69	4807
h 0	2345.36	4799
h 0	2346.25	4704
i	2347.32	4943
i	2347.34	4944
h 0	2347.49	4491
h 0	2348	4571
h 0	2348.44	4887
h 0	2350.21	4877
h 0	2353.22	4635
h 0	2353.53	4682
h 0	2357.57	4902
h 0	2358.55	4858
h 0	2371.02	4785
i	2371.24	4990
i	2375.67	4998
h 0	2377.64	4895
h 0	2379.65	4908
i	2380.03	5008
i	2382.45	5013
i	2382.54	5014
h 0	2384.02	4943
h 0	2386.63	4769
i	2389.01	5027
i	2394.05	5038
h 0	2394.62	4906
h 0	2394.89	4613
h 0	2396.65	4944
h 0	2396.69	4812
i	2397.93	5046
i	2399.1	5049
i	2400.29	5053
h 0	2401.59	4755
h 0	2402.93	4783
i	2404.62	5061
h 0	2406.58	4799
i	2407.05	5066
i	2407.8	5068
h 0	2407.98	4889
h 0	2410.11	4704
i	2410.74	5076
i	2411.68	5078
h 0	2412.46	5038
h 0	2413.28	5078
i	2413.74	5084
i	2413.88	5086
h 0	2415.01	4682
h 0	2415.91	4858
h 0	2417.25	5086
h 0	2421.48	4877
h 0	2423.61	4902
i	2426.91	5110
i	2427	5111
h 0	2429.07	5084
i	2430.72	5121
h 0	2434.15	5049
h 0	2436.88	4785
i	2440.53	5137
h 0	2442.72	4908
i	2443.41	5144
h 0	2443.96	5076
h 0	2448.83	4943
i	2449.16	5157
i	2449.21	5158
i	2449.76	5160
i	2451.68	5164
h 0	2452.02	5110
i	2452.3	5166
i	2455.5	5173
h 0	2458.11	4944
h 0	2458.66	5144
i	2459.08	5182
h 0	2460.43	5053
h 0	2460.74	4812
i	2460.95	5187
h 0	2463.59	5066
i	2465.16	5196
i	2465.16	5197
h 0	2466.06	5068
h 0	2467.32	5196
i	2467.85	5205
h 0	2468.06	4783
i	2468.31	5207
h 0	2469.35	5187
i	2471.05	5213
i	2472.7	5216
h 0	2473.83	5121
h 0	2473.98	4704
h 0	2474.19	5173
i	2475.02	5222
i	2476.49	5226
h 0	2476.5	4682
h 0	2476.68	5078
i	2476.99	5228
i	2477.07	5229
h 0	2477.65	5086
h 0	2478.69	4889
h 0	2481.17	5038
i	2482.78	5246
h 0	2484	5222
i	2488.48	5259
h 0	2489.1	5259
h 0	2490.9	5246
h 0	2491.72	5226
h 0	2492.61	5166
i	2498.19	5276
h 0	2498.23	5228
h 0	2498.49	5197
h 0	2501.55	5229
i	2502.12	5283
i	2502.21	5284
h 0	2505.62	5158
h 0	2505.78	4908
i	2506.03	5291
i	2508.46	5297
i	2514.07	5308
i	2514.08	5309
h 0	2515.14	5276
h 0	2515.22	5076
h 0	2518.04	5182
i	2519.05	5321
i	2519.06	5322
h 0	2519.47	5308
h 0	2519.57	4944
i	2521.3	5328
i	2521.96	5331
i	2521.99	5332
h 0	2522.63	5328
h 0	2523.08	5066
h 0	2523.8	5144
h 0	2524.04	5053
h 0	2524.79	4812
i	2526.8	5341
i	2530.07	5348
h 0	2530.39	5348
h 0	2530.51	5332
i	2532.84	5353
i	2535.42	5358
h 0	2538.06	5086
h 0	2539.21	5121
h 0	2540.08	5078
h 0	2547.01	5222
h 0	2549.41	4889
h 0	2549.89	5038
h 0	2551.14	5246
h 0	2551.43	5259
i	2553.44	5393
h 0	2553.58	5358
h 0	2553.83	5166
i	2554.57	5396
i	2554.6	5397
i	2554.61	5398
h 0	2555.35	5283
h 0	2556.89	5226
i	2557.02	5402
h 0	2559.3	5228
i	2560.06	5407
h 0	2563.49	5331
h 0	2563.84	5197
h 0	2564.22	5291
h 0	2564.57	5321
i	2565.18	5417
i	2565.75	5419
i	2570.61	5430
i	2570.61	5429
h 0	2570.95	5430
i	2571.32	5432
i	2573.32	5438
h 0	2574.95	5276
h 0	2575.13	5341
h 0	2575.99	5322
h 0	2576.43	5309
i	2579.58	5448
h 0	2581.66	5308
i	2584.7	5457
i	2585.03	5459
h 0	2585.71	5398
h 0	2586.48	5076
h 0	2588.77	5328
h 0	2588.93	5144
h 0	2594.61	5332
h 0	2594.81	5348
h 0	2595.19	5419
i	2595.2	5484
h 0	2595.33	5397
h 0	2596.06	5448
h 0	2598.46	5086
i	2598.91	5490
i	2600.17	5494
h 0	2601.66	5490
h 0	2603.48	5078
i	2605.98	5506
h 0	2610.02	5222
i	2610.04	5515
h 0	2611.11	5484
i	2612.57	5521
h 0	2613.75	5259
h 0	2615.05	5166
i	2616.12	5528
i	2616.69	5530
h 0	2617.07	5417
i	2618.83	5536
h 0	2618.98	5283
h 0	2620.12	4889
h 0	2622.06	5226
h 0	2623.27	5528
i	2626.24	5550
h 0	2627.94	5321
i	2628.28	5555
h 0	2629.19	5197
h 0	2633.56	5291
i	2633.6	5564
i	2638.39	5574
h 0	2638.49	5506
h 0	2638.72	5430
i	2640.3	5579
i	2641.75	5583
h 0	2642.93	5322
h 0	2643.04	5309
h 0	2644.04	5536
i	2646.63	5591
h 0	2649.19	5398
i	2649.51	5596
i	2650.49	5598
h 0	2650.77	5530
i	2651.47	5600
i	2655.18	5609
h 0	2656.3	5555
i	2657.3	5614
h 0	2658.71	5332
h 0	2659.23	5348
i	2660.35	5620
h 0	2661.1	5397
h 0	2662.05	5574
i	2662.66	5624
i	2662.7	5625
h 0	2663.75	5579
i	2664.51	5628
i	2667.31	5634
h 0	2667.69	5484
h 0	2668.45	5609
h 0	2670.61	5598
h 0	2672.37	5490
h 0	2673.02	5222
i	2674.36	5648
i	2674.4	5649
h 0	2676.07	5259
h 0	2676.28	5166
h 0	2679.03	5596
h 0	2683.22	5625
i	2684.4	5669
i	2684.43	5670
i	2685.06	5672
i	2685.07	5673
h 0	2686.26	5583
i	2686.79	5677
h 0	2687.23	5226
h 0	2689.02	5600
i	2690.9	5686
i	2693.07	5691
h 0	2694.54	5197
i	2695.06	5697
i	2702.81	5708
h 0	2703.52	5506
i	2706.06	5716
h 0	2706.5	5430
h 0	2709.09	5691
h 0	2709.66	5309
h 0	2709.86	5322
i	2710.91	5726
h 0	2712.66	5398
h 0	2715.54	5530
h 0	2716.12	5649
i	2717.89	5741
i	2717.9	5742
h 0	2719.97	5673
h 0	2720.11	5686
h 0	2721.31	5555
i	2722.19	5754
h 0	2723.09	5741
i	2723.51	5757
h 0	2723.54	5628
h 0	2723.64	5348
h 0	2725.01	5648
h 0	2725.83	5574
h 0	2727.83	5579
h 0	2728.81	5669
h 0	2730.01	5598
i	2731.9	5777
h 0	2733.11	5609
h 0	2733.9	5777
i	2735	5784
h 0	2738.54	5596
i	2741.72	5798
i	2741.82	5799
i	2743.91	5804
i	2743.96	5805
i	2744.34	5807
i	2745.36	5810
h 0	2747.46	5583
h 0	2747.64	5670
h 0	2747.83	5625
i	2750.59	5820
h 0	2751.96	5805
h 0	2754.69	5600
h 0	2758.2	5716
h 0	2758.32	5798
i	2761.2	5842
i	2766.96	5854
i	2767.07	5855
i	2768	5857
h 0	2768.37	5784
h 0	2768.54	5506
i	2769.07	5860
i	2769.1	5861
i	2769.42	5863
i	2770.59	5866
h 0	2770.88	5842
i	2771.65	5870
h 0	2774.27	5430
h 0	2774.4	5854
h 0	2776.14	5398
h 0	2776.44	5742
h 0	2777.31	5649
i	2778.42	5883
h 0	2780.31	5530
i	2780.7	5888
i	2783.15	5894
i	2783.52	5896
i	2783.64	5897
h 0	2784.09	5810
h 0	2785.37	5741
h 0	2786.11	5686
h 0	2787.07	5673
i	2787.67	5903
i	2787.68	5904
h 0	2788.06	5348
h 0	2789.42	5598
h 0	2791.16	5804
i	2791.27	5910
h 0	2791.92	5579
i	2795.6	5917
i	2795.62	5918
i	2795.65	5919
h 0	2797.14	5910
h 0	2798.06	5596
h 0	2798.3	5904
h 0	2798.43	5894
h 0	2799.69	5807
h 0	2800.45	5919
i	2800.73	5930
i	2800.81	5931
i	2800.81	5932
i	2804.3	5938
h 0	2812.13	5670
i	2812.22	5953
h 0	2812.43	5903
h 0	2813.1	5805
h 0	2815.15	5870
h 0	2815.46	5953
h 0	2815.56	5863
h 0	2816.32	5931
h 0	2818.53	5716
h 0	2820.36	5600
i	2826.04	5981
i	2829.41	5990
h 0	2829.76	5861
i	2832.43	5997
i	2833.25	6000
h 0	2833.57	5860
h 0	2834.6	5857
i	2835.9	6007
h 0	2837.68	5918
h 0	2838.97	5742
i	2842.4	6019
i	2845.49	6025
i	2846.55	6028
h 0	2847.08	5810
i	2847.63	6032
h 0	2847.66	5741
i	2847.66	6033
i	2847.9	6035
i	2848.8	6037
h 0	2848.83	5598
i	2850.38	6040
h 0	2851.79	5932
h 0	2851.89	5804
h 0	2852.11	5686
h 0	2853.49	6007
h 0	2854.17	5673
h 0	2855.76	5990
h 0	2855.81	6033
h 0	2857.92	5910
i	2858.64	6056
h 0	2858.93	5904
i	2860.18	6059
i	2860.48	6061
h 0	2862.63	6032
i	2862.9	6067
h 0	2864	5894
i	2864.88	6072
h 0	2867.01	6061
h 0	2868.19	5919
i	2870.33	6083
i	2872.31	6087
i	2873.6	6092
i	2873.69	6093
i	2875.93	6099
i	2878.22	6103
h 0	2878.28	6025
h 0	2878.59	5863
h 0	2878.86	5716
h 0	2879.8	6087
h 0	2879.93	5953
i	2883.92	6114
h 0	2885.47	6067
i	2885.77	6118
h 0	2886.03	5600
i	2886.79	6121
h 0	2887.36	6121
h 0	2890.73	5861
i	2900.28	6147
i	2900.7	6149
i	2900.75	6150
h 0	2900.94	6035
h 0	2901.43	5860
h 0	2901.51	5742
h 0	2902.98	5918
h 0	2903.59	5857
i	2904.23	6158
i	2904.32	6159
i	2904.5	6161
i	2904.55	6162
h 0	2905.08	6162
h 0	2905.82	6056
h 0	2910.79	5932
h 0	2912.53	6037
h 0	2912.8	6114
h 0	2915.7	6150
h 0	2916.08	6007
i	2916.8	6185
h 0	2919.57	5904
h 0	2919.65	6033
h 0	2920.3	5990
h 0	2920.51	6072
h 0	2921.27	5673
i	2924.18	6197
h 0	2925.79	6161
i	2927.9	6205
i	2928.26	6207
i	2929.06	6209
i	2931.34	6217
h 0	2933.59	6217
h 0	2935.92	6061
i	2937.26	6226
h 0	2937.81	6025
h 0	2938.3	6185
i	2939.15	6229
h 0	2939.2	5716
i	2943.35	6236
i	2943.46	6237
i	2944.27	6239
i	2944.38	6240
i	2945.36	6242
i	2945.53	6244
h 0	2947.71	6226
i	2947.74	6248
i	2948.35	6250
h 0	2950.01	6118
i	2950.72	6257
h 0	2952.52	6121
h 0	2954.04	6067
i	2955.54	6267
i	2955.63	6268
i	2958	6273
i	2961.12	6282
i	2961.2	6283
h 0	2963.26	6149
h 0	2963.31	6035
i	2964.55	6292
h 0	2966.66	6244
h 0	2968.28	5918
h 0	2969.28	5860
h 0	2969.32	6207
h 0	2969.79	5932
h 0	2971.29	6239
h 0	2972.58	5857
h 0	2972.85	6056
i	2973.23	6311
i	2973.32	6312
h 0	2974.6	6114
i	2974.89	6315
i	2975.66	6317
h 0	2976	6267
h 0	2977.79	6257
h 0	2979.24	6248
i	2979.66	6324
i	2980.62	6326
h 0	2983.72	6161
i	2984.82	6332
h 0	2984.88	6197
i	2988.96	6339
h 0	2989.52	6209
i	2990.47	6342
h 0	2993.57	6311
h 0	2994.06	6315
h 0	2995.03	6317
h 0	2996.79	6217
i	2996.81	6354
h 0	2997.34	6025
h 0	2997.47	6273
h 0	2998.33	6242
i	2998.97	6358
h 0	3004.84	6061
i	3006.86	6372
h 0	3014.84	6326
h 0	3015.08	6324
i	3015.8	6388
h 0	3017.26	6118
i	3017.91	6392
h 0	3019.32	6358
i	3020.24	6397
h 0	3022.61	6067
h 0	3023.58	6282
i	3026.96	6408
h 0	3028.78	5932
i	3031.39	6417
i	3031.86	6420
h 0	3033.62	6354
i	3034.05	6425
i	3035.01	6428
h 0	3036.58	6342
h 0	3039.87	6056
h 0	3040.18	6428
h 0	3041.4	6257
i	3041.73	6439
i	3041.83	6440
h 0	3043.89	6267
i	3044.61	6445
h 0	3046.78	6439
i	3047.23	6451
h 0	3047.6	6392
h 0	3048.02	6420
i	3052.76	6461
i	3054.08	6465
h 0	3056.86	6025
i	3057.23	6473
h 0	3057.95	6397
h 0	3059.99	6217
h 0	3061.12	6242
h 0	3062.57	6273
i	3062.97	6483
i	3071.26	6498
i	3072.02	6500
i	3072.04	6501
i	3072.11	6502
h 0	3073.75	6061
h 0	3074.49	6500
h 0	3079.04	6408
h 0	3080.96	6461
i	3083.77	6524
h 0	3089.32	6451
i	3090.69	6538
h 0	3091.18	6067
h 0	3095.95	6483
i	3096.48	6550
i	3098.91	6555
h 0	3102.37	6502
i	3103.31	6565
i	3104.21	6567
h 0	3104.61	6498
h 0	3105.01	6257
i	3105.9	6572
h 0	3106.9	6056
h 0	3107.12	6342
h 0	3108.95	6420
h 0	3109.45	6501
h 0	3110.46	6565
h 0	3110.98	6524
i	3112.55	6586
i	3113.12	6588
i	3113.75	6590
i	3115.2	6593
h 0	3115.73	6439
h 0	3123.18	6217
h 0	3123.91	6242
i	3126.03	6613
h 0	3127.67	6273
i	3129.2	6621
i	3132.07	6629
h 0	3134.83	6550
h 0	3136.04	6572
h 0	3136.06	6586
i	3136.94	6639
i	3137	6640
h 0	3143.74	6500
i	3144.64	6656
i	3144.75	6657
i	3145.17	6659
h 0	3146.23	6408
i	3146.61	6663
h 0	3147.77	6461
i	3148.01	6667
i	3149.21	6670
i	3149.27	6671
h 0	3149.6	6567
i	3149.78	6673
h 0	3150.32	6621
h 0	3151.59	6538
i	3153.8	6680
i	3154.59	6682
i	3154.64	6683
i	3155.97	6688
i	3157.09	6690
i	3158.09	6692
h 0	3159.75	6067
h 0	3160.59	6682
i	3161.71	6700
h 0	3163.35	6670
h 0	3164.96	6659
h 0	3166.41	6667
i	3166.63	6709
h 0	3167.31	6700
h 0	3167.46	6629
h 0	3168.62	6257
h 0	3169.08	6673
h 0	3169.84	6692
h 0	3169.89	6420
i	3171.07	6717
h 0	3171.09	6683
i	3172.48	6722
i	3172.59	6723
i	3172.93	6725
h 0	3175.57	6663
h 0	3175.63	6524
h 0	3175.93	6501
i	3176.08	6731
h 0	3177.67	6342
i	3184.25	6748
h 0	3186.38	6217
h 0	3188.1	6640
i	3189.15	6759
i	3189.87	6761
i	3190.52	6765
i	3190.63	6766
h 0	3190.8	6761
h 0	3197.2	6586
h 0	3197.54	6572
h 0	3198.13	6550
h 0	3198.48	6759
h 0	3199.42	6765
i	3199.85	6784
i	3199.87	6785
i	3199.92	6786
h 0	3204	6671
i	3204.58	6795
h 0	3204.76	6567
h 0	3206.58	6688
h 0	3208.54	6784
i	3208.56	6802
h 0	3212.99	6500
i	3213.4	6813
h 0	3213.41	6408
i	3214.16	6815
h 0	3214.58	6461
h 0	3215.14	6621
h 0	3217.16	6538
i	3219.82	6825
h 0	3220.45	6709
i	3221.71	6829
i	3221.76	6830
i	3224.26	6835
i	3225.47	6839
h 0	3228.8	6717
h 0	3229.16	6667
h 0	3230.82	6420
i	3232.2	6854
h 0	3232.23	6257
h 0	3232.26	6659
i	3232.31	6855
i	3236.89	6864
i	3238.77	6868
h 0	3238.8	6629
h 0	3239	6813
h 0	3239.77	6673
h 0	3240.22	6692
h 0	3241.69	6785
h 0	3242.25	6830
h 0	3242.41	6501
i	3244.31	6879
i	3245.92	6883
h 0	3246.44	6815
h 0	3248.21	6342
h 0	3252.49	6761
i	3255.45	6899
h 0	3258.34	6586
h 0	3259.05	6572
i	3259.09	6907
i	3259.43	6909
h 0	3259.92	6567
h 0	3259.98	6909
h 0	3262.21	6899
h 0	3262.47	6864
i	3265.53	6923
i	3265.59	6924
h 0	3265.6	6765
h 0	3266.61	6786
h 0	3269.52	6784
h 0	3274.21	6688
i	3277.34	6947
i	3277.41	6948
i	3278.16	6950
h 0	3280.59	6408
h 0	3281.4	6461
h 0	3282.72	6538
i	3284.24	6962
h 0	3288.12	6709
i	3288.46	6971
i	3288.52	6972
h 0	3291.34	6950
h 0	3291.75	6962
h 0	3291.76	6420
h 0	3292.08	6854
i	3293.49	6981
i	3298.85	6992
i	3298.88	6993
h 0	3299.56	6659
i	3299.71	6995
h 0	3300.2	6981
i	3302.12	7000
i	3302.9	7002
h 0	3304.12	6785
h 0	3304.38	6830
h 0	3305.19	6883
h 0	3305.58	6813
i	3306.55	7010
i	3308.9	7017
h 0	3310.14	6629
h 0	3310.6	6692
i	3313.19	7025
i	3313.29	7026
h 0	3318.76	6342
i	3319.68	7037
h 0	3320.29	7017
h 0	3322.87	7002
h 0	3322.9	6909
i	3323.73	7048
i	3327.66	7058
h 0	3328.55	7010
h 0	3330.5	6784
h 0	3331.02	6864
i	3331.58	7069
h 0	3331.78	6765
i	3332.46	7073
h 0	3333.55	6899
i	3334.2	7076
h 0	3335.11	7058
i	3335.62	7080
h 0	3337.28	7080
h 0	3337.42	6992
h 0	3341.84	6688
h 0	3343.1	6972
h 0	3346.12	7069
h 0	3347.39	7037
h 0	3353.17	6950
i	3355.57	7115
h 0	3355.78	6709
i	3358.81	7122
i	3359.77	7125
h 0	3360.94	6993
h 0	3362.14	7073
i	3363	7130
h 0	3363.86	7048
h 0	3364	7115
h 0	3366.56	6785
h 0	3366.59	6883
h 0	3366.86	6659
i	3368.35	7138
i	3368.38	7139
h 0	3372.17	6813
i	3372.21	7145
h 0	3374.77	7076
h 0	3375.08	7145
i	3375.39	7151
i	3378.29	7156
h 0	3378.38	7156
h 0	3380.98	6692
h 0	3386.14	7122
h 0	3386.57	7002
i	3387.02	7172
h 0	3387.35	7017
i	3390.2	7180
i	3391.6	7183
h 0	3392.45	7139
i	3394.61	7190
h 0	3395.38	7010
i	3395.5	7193
i	3396.45	7196
h 0	3398.78	7151
h 0	3398.88	7196
i	3400.9	7205
i	3401.47	7207
h 0	3402.49	6992
h 0	3403.52	7080
i	3404.64	7214
h 0	3404.89	6899
i	3406.9	7219
i	3407.35	7221
h 0	3410.71	7205
i	3410.79	7231
h 0	3411.89	7069
i	3413.01	7236
h 0	3414.42	7037
i	3415.95	7242
h 0	3418.21	7190
i	3419.42	7249
h 0	3419.88	7236
i	3420.67	7254
h 0	3420.7	7214
i	3425.21	7261
i	3425.23	7262
h 0	3426.28	7242
h 0	3427.31	7048
i	3427.76	7267
h 0	3427.96	6993
h 0	3428.32	7073
i	3430.57	7275
i	3430.68	7276
h 0	3436.31	7076
h 0	3436.85	7145
h 0	3438.76	6813
h 0	3438.8	7262
i	3439.62	7289
i	3440.32	7291
i	3441.05	7294
i	3441.11	7295
i	3441.19	7296
h 0	3442.76	7231
h 0	3449.47	7122
i	3453.87	7318
i	3453.96	7319
h 0	3454.42	7017
h 0	3456.56	7267
h 0	3457.96	7139
i	3458.55	7328
h 0	3460.3	7296
h 0	3461.43	7207
h 0	3462.22	7010
i	3462.53	7337
h 0	3464.19	7219
h 0	3464.6	7261
i	3465.3	7344
h 0	3468	7196
i	3468.28	7351
h 0	3469.75	7080
i	3470.06	7356
i	3470.13	7357
i	3472.36	7361
h 0	3475.85	7205
h 0	3476.23	6899
h 0	3478.35	7361
h 0	3480.51	7289
h 0	3486.24	7214
i	3489.57	7396
i	3489.95	7398
i	3490.77	7401
i	3491.13	7403
h 0	3491.14	7242
h 0	3492.01	7401
h 0	3492.05	7357
h 0	3492.87	7295
h 0	3494.5	7073
h 0	3495.41	7291
h 0	3495.87	7356
i	3496.43	7416
i	3502.67	7427
i	3504.09	7430
h 0	3504.29	7262
h 0	3507.63	7231
h 0	3507.98	7351
h 0	3512.8	7122
h 0	3513.45	7328
h 0	3514.38	7416
h 0	3519.11	7267
i	3523.35	7465
h 0	3523.47	7139
h 0	3523.83	7398
h 0	3526.72	7207
h 0	3528.32	7465
i	3528.51	7474
h 0	3529.05	7010
h 0	3529.49	7219
h 0	3533.02	7261
i	3533.77	7484
i	3534.33	7488
i	3535.53	7491
i	3535.58	7492
h 0	3537.11	7196
i	3537.81	7496
i	3537.88	7497
h 0	3538.31	7491
i	3539.71	7501
i	3539.73	7502
h 0	3540.07	7289
h 0	3541	7205
i	3541.75	7506
i	3543.19	7510
h 0	3543.27	7361
h 0	3545.91	7474
i	3549.65	7524
i	3549.86	7526
i	3551.63	7529
h 0	3551.76	7488
h 0	3551.77	7492
i	3552.97	7532
i	3556.77	7540
h 0	3558.2	7526
i	3559.85	7547
h 0	3561.76	7356
h 0	3562.78	7401
h 0	3564.73	7502
h 0	3564.73	7510
h 0	3566.35	7497
h 0	3568	7496
h 0	3569.79	7262
h 0	3575.38	7529
h 0	3576.13	7122
h 0	3577.17	7416
h 0	3577.95	7328
i	3578.91	7579
h 0	3581.66	7267
i	3582.23	7588
h 0	3584.26	7579
h 0	3590.51	7398
h 0	3592.01	7207
h 0	3592.23	7501
h 0	3592.27	7506
h 0	3594.78	7219
i	3594.89	7610
i	3594.91	7611
h 0	3595.89	7010
h 0	3601.43	7261
i	3601.86	7623
i	3606	7630
h 0	3606.14	7205
i	3609.83	7640
i	3610.72	7642
h 0	3612.55	7474
h 0	3612.67	7640
i	3613.1	7648
i	3613.65	7650
h 0	3616.7	7526
i	3616.96	7657
h 0	3618.34	7510
i	3618.73	7660
h 0	3618.98	7488
i	3620.35	7665
i	3622.47	7672
h 0	3622.62	7672
h 0	3623.47	7642
i	3624.57	7676
h 0	3625.73	7588
h 0	3626.92	7502
h 0	3628.02	7623
i	3629.72	7686
i	3631.32	7692
h 0	3633.55	7401
h 0	3634.06	7611
i	3635	7702
h 0	3637.67	7676
i	3639.19	7712
h 0	3639.96	7416
i	3640.95	7716
i	3640.98	7717
h 0	3642.46	7328
h 0	3644.21	7267
h 0	3644.79	7529
i	3647.23	7728
i	3647.28	7729
i	3647.52	7731
h 0	3647.66	7610
i	3652.15	7741
h 0	3652.46	7731
i	3655.17	7748
h 0	3657.19	7398
h 0	3657.29	7207
i	3658.04	7754
h 0	3658.15	7650
i	3658.99	7758
h 0	3660.07	7219
h 0	3660.25	7665
i	3661.1	7762
h 0	3665.55	7729
i	3665.57	7773
i	3667.17	7778
i	3667.27	7779
h 0	3667.86	7748
h 0	3669.85	7261
h 0	3671.94	7510
i	3672.07	7788
i	3673.99	7794
i	3674.02	7795
h 0	3675.2	7526
h 0	3675.36	7640
i	3676.01	7802
i	3679.18	7807
i	3680.04	7809
h 0	3680.83	7809
h 0	3681.65	7754
h 0	3684.18	7672
h 0	3685.59	7642
h 0	3686.2	7488
h 0	3689.11	7502
h 0	3690.16	7623
h 0	3693.07	7588
h 0	3696.38	7773
h 0	3699.3	7676
h 0	3699.64	7717
h 0	3700.68	7611
h 0	3702.75	7416
i	3705.53	7851
h 0	3705.83	7610
i	3711.29	7861
i	3711.3	7862
h 0	3719.61	7795
h 0	3721.79	7794
i	3723.87	7885
h 0	3728.43	7885
h 0	3728.71	7729
i	3733.22	7904
h 0	3733.7	7526
i	3735.31	7908
i	3735.68	7910
h 0	3738.06	7640
h 0	3738.26	7261
i	3741.1	7920
h 0	3743.56	7851
h 0	3743.82	7908
h 0	3743.96	7754
h 0	3745.3	7904
h 0	3745.73	7672
i	3747.83	7935
h 0	3750.97	7910
i	3752.82	7945
h 0	3753.42	7488
h 0	3754.14	7862
i	3756.27	7954
i	3760.54	7963
h 0	3760.92	7676
h 0	3763.67	7717
i	3763.83	7969
h 0	3764.12	7861
h 0	3765.55	7416
h 0	3767.31	7611
i	3768.03	7978
i	3768.77	7980
i	3768.78	7981
i	3770.24	7985
h 0	3770.87	7935
i	3771.5	7988
i	3772.56	7992
h 0	3772.81	7954
i	3773.67	7995
i	3774.21	7997
h 0	3780.25	7995
i	3781.66	8012
i	3782.91	8016
i	3787.64	8024
h 0	3787.88	8016
i	3788.83	8027
i	3789.72	8030
i	3792.37	8035
h 0	3793.52	8027
h 0	3793.65	7963
h 0	3798.02	7885
i	3799.67	8051
i	3802.61	8057
h 0	3804.53	8057
i	3804.88	8061
h 0	3805.26	7969
h 0	3805.55	7981
h 0	3806.27	7754
h 0	3807.28	7672
h 0	3808.97	7851
i	3810.85	8072
h 0	3811.38	7862
i	3812.55	8076
h 0	3814.43	7910
i	3815.12	8082
i	3816.37	8085
h 0	3820.68	8072
h 0	3821.13	7980
i	3824.09	8100
h 0	3829.65	7861
h 0	3831.47	7988
i	3833.07	8116
h 0	3834.95	8024
i	3835.64	8125
h 0	3835.8	7997
h 0	3836.64	8125
h 0	3838.73	8061
h 0	3839.03	7935
h 0	3841.15	8012
h 0	3841.67	8030
i	3842.35	8137
i	3842.8	8139
h 0	3846	7995
i	3846.32	8147
h 0	3847.12	8051
h 0	3849.22	8016
h 0	3849.67	8137
i	3850.69	8156
i	3851.55	8159
i	3852.34	8161
h 0	3853.98	7963
i	3854.03	8165
i	3855.85	8170
i	3859.5	8177
i	3859.56	8178
i	3860.64	8181
i	3860.72	8182
i	3860.78	8183
i	3867.98	8197
h 0	3868.3	8057
h 0	3868.63	7862
h 0	3868.71	7981
i	3869.64	8202
h 0	3872.87	7969
h 0	3874.38	7851
h 0	3876.86	8165
i	3880.03	8219
h 0	3882.46	7980
h 0	3882.75	8159
h 0	3882.75	8116
i	3883.02	8225
h 0	3890.27	8170
h 0	3895.98	8024
i	3896.05	8249
i	3896.33	8251
i	3899.05	8258
h 0	3901.63	8061
h 0	3903.05	8125
h 0	3904.16	8181
i	3907.36	8274
i	3907.37	8275
h 0	3907.54	8275
h 0	3908.04	8030
i	3908.25	8279
i	3908.36	8280
h 0	3910.55	8016
h 0	3911.63	8012
h 0	3916.26	8051
h 0	3917.58	8137
i	3918.73	8297
i	3918.77	8298
h 0	3922.85	8202
h 0	3924.55	8279
i	3926.21	8311
i	3929.93	8319
h 0	3931.86	7981
h 0	3935.26	8249
i	3936.33	8332
h 0	3937.33	8297
h 0	3939.81	8165
h 0	3940.48	7969
i	3942.23	8342
i	3942.47	8344
h 0	3944.54	8342
h 0	3948.82	8251
h 0	3953.26	8116
i	3954.28	8366
i	3956.94	8373
h 0	3957.01	8024
i	3959.45	8377
i	3963.7	8387
i	3964.5	8389
h 0	3969.15	8298
h 0	3970.39	8311
h 0	3971.02	8319
h 0	3973.61	8275
i	3980.58	8419
i	3981.03	8421
i	3984.14	8428
h 0	3984.9	8377
h 0	3986.67	8332
h 0	3988.84	8202
i	3990.26	8442
h 0	3992.18	8421
h 0	3995.02	7981
i	3996.27	8452
i	3997.02	8454
h 0	3998.22	8297
h 0	4004.19	8366
i	4005.53	8467
i	4005.56	8468
h 0	4006.34	8389
h 0	4008.09	7969
i	4011.55	8478
i	4015.61	8487
i	4017.29	8492
i	4018.2	8494
i	4018.49	8496
i	4019.45	8498
h 0	4022.15	8452
i	4022.3	8503
h 0	4030.1	8319
i	4031.26	8520
i	4033.49	8524
h 0	4033.86	8503
i	4034.37	8526
i	4034.43	8527
h 0	4035.46	8298
h 0	4038.6	8520
h 0	4039.68	8275
i	4040.82	8539
i	4042.92	8543
h 0	4043.96	8487
h 0	4044.88	8524
h 0	4046.3	8454
i	4050.29	8555
h 0	4052.84	8526
h 0	4052.89	8492
h 0	4054.29	8377
i	4054.47	8563
i	4054.77	8565
i	4056.79	8571
h 0	4058.58	8332
h 0	4059.11	8297
h 0	4060.17	8543
i	4060.99	8582
h 0	4061.16	8498
i	4064.24	8588
i	4065.33	8591
i	4067.22	8594
h 0	4067.91	8468
h 0	4069.28	8496
i	4069.48	8598
i	4069.59	8599
h 0	4070.04	8389
h 0	4072.23	8539
i	4072.68	8604
i	4074.09	8608
h 0	4075.7	7969
h 0	4076.69	8555
i	4080.94	8623
i	4081.01	8624
i	4081.12	8625
i	4081.19	8626
i	4083.25	8631
h 0	4087.52	8452
i	4089.66	8644
i	4091.28	8648
h 0	4093.25	8527
i	4095	8655
i	4096.15	8660
i	4100.51	8670
h 0	4100.57	8670
h 0	4101.46	8520
h 0	4104.51	8624
i	4104.58	8679
h 0	4104.7	8582
h 0	4105.53	8623
h 0	4105.75	8275
h 0	4106.36	8454
i	4108.71	8689
i	4110.07	8692
i	4110.15	8693
h 0	4110.36	8571
i	4110.52	8695
i	4112.66	8703
h 0	4114.08	8524
h 0	4114.72	8492
i	4120.17	8717
i	4122.39	8721
i	4127.14	8733
h 0	4127.56	8498
h 0	4133.73	8389
h 0	4133.74	8644
h 0	4134.79	8496
i	4135.6	8752
i	4137.24	8755
h 0	4138.96	8468
h 0	4140.83	8752
h 0	4141.43	8555
i	4142.62	8764
h 0	4143.33	8692
i	4145.27	8770
h 0	4149.26	8660
i	4152.63	8785
h 0	4154.24	8764
i	4154.81	8789
i	4156.72	8795
h 0	4164.31	8520
h 0	4166.23	8689
i	4167.46	8813
h 0	4168.38	8582
i	4168.45	8815
h 0	4172.1	8789
i	4174.11	8826
h 0	4176.56	8492
i	4177.45	8832
h 0	4181.31	8755
i	4182.98	8842
h 0	4183.29	8524
i	4188.64	8853
i	4189.57	8855
h 0	4189.73	8785
i	4193.24	8862
i	4196.71	8870
h 0	4200.3	8496
h 0	4200.53	8815
i	4201.55	8880
h 0	4204.4	8842
i	4204.68	8888
i	4204.76	8889
h 0	4206.18	8555
h 0	4206.9	8880
h 0	4207.38	8889
h 0	4207.52	8862
i	4208.15	8896
i	4211.45	8903
h 0	4217.07	8888
h 0	4217.18	8660
h 0	4217.31	8813
h 0	4220.58	8764
i	4222.01	8920
h 0	4225.63	8832
i	4226.99	8930
h 0	4227.16	8520
i	4228.37	8933
i	4228.87	8935
i	4230.72	8939
i	4232.79	8943
h 0	4234.6	8755
h 0	4235.56	8789
i	4236.06	8950
i	4237.86	8956
h 0	4238.17	8903
h 0	4238.39	8492
i	4241.36	8962
i	4241.41	8963
h 0	4242.59	8933
h 0	4242.65	8896
h 0	4244.73	8870
i	4245.23	8972
i	4245.25	8973
i	4245.34	8974
i	4247.28	8979
h 0	4247.71	8855
h 0	4252.31	8972
i	4255.42	8995
h 0	4256.58	8963
h 0	4257.93	8973
i	4259.29	9004
i	4262.42	9011
h 0	4263.07	8930
h 0	4265.26	8842
i	4265.56	9016
h 0	4265.81	8496
h 0	4266.15	8935
i	4267.21	9019
h 0	4268.01	8920
h 0	4270.46	8815
i	4271.22	9027
h 0	4277.45	8950
i	4278.42	9041
h 0	4284.12	8939
h 0	4285.1	8660
h 0	4286.93	8764
i	4287.8	9055
i	4287.9	9056
h 0	4287.9	8755
h 0	4288.53	9055
h 0	4288.69	8943
i	4289.18	9059
i	4289.94	9061
h 0	4290.02	8520
i	4290.7	9063
h 0	4292.38	8832
i	4292.59	9066
i	4293.67	9069
h 0	4295.01	8995
i	4295.63	9074
i	4297.59	9081
h 0	4297.67	8956
h 0	4300.95	8903
h 0	4306.03	9016
i	4306.42	9097
i	4307.82	9101
h 0	4317.58	8973
i	4317.74	9119
h 0	4318.38	8855
i	4318.55	9121
i	4319.92	9124
i	4320.39	9126
h 0	4320.6	8963
i	4321.89	9129
h 0	4323.08	8972
i	4323.09	9133
i	4324.74	9137
h 0	4326.13	8842
i	4327.02	9143
i	4327.05	9144
h 0	4327.96	9081
h 0	4328.99	9074
h 0	4329.7	8920
i	4331.6	9152
h 0	4332.97	9041
h 0	4337.51	9059
i	4340.09	9169
h 0	4341.11	9129
h 0	4341.2	8755
h 0	4341.62	9069
h 0	4342.52	8950
h 0	4344.18	9169
i	4345.05	9180
h 0	4345.55	9066
i	4346.71	9184
h 0	4347.04	9055
i	4348.41	9189
h 0	4348.45	9119
i	4348.5	9190
i	4350.26	9194
h 0	4351.42	8943
h 0	4351.89	9121
i	4354.65	9202
h 0	4355.55	9061
i	4356.37	9206
i	4356.45	9207
i	4358.5	9211
h 0	4359.12	8832
i	4361.16	9217
i	4363.17	9221
h 0	4363.59	8956
h 0	4363.73	8903
i	4364.13	9223
h 0	4364.14	9101
i	4364.18	9224
i	4365.56	9228
h 0	4366.35	9217
h 0	4367.83	9016
i	4370.4	9237
i	4371.43	9239
h 0	4377.08	9211
h 0	4377.24	8973
h 0	4378.05	9189
i	4380.2	9256
i	4380.88	9258
i	4386.1	9269
h 0	4386.99	8842
i	4387.54	9273
h 0	4387.85	9144
h 0	4389.04	8855
h 0	4389.29	9074
i	4389.58	9276
h 0	4389.9	9180
h 0	4394.5	8755
h 0	4399.32	9059
i	4399.94	9294
h 0	4400.16	9237
h 0	4405.58	9221
h 0	4406.9	9066
h 0	4407.13	9069
h 0	4407.58	8950
h 0	4409.43	9258
h 0	4409.95	9228
i	4411.58	9316
i	4412.52	9318
h 0	4414.16	8943
i	4414.85	9323
i	4415.37	9326
i	4416.02	9328
i	4417.35	9331
h 0	4419.97	9119
i	4421.48	9341
i	4422.93	9346
i	4422.94	9347
h 0	4426.51	8903
i	4427.11	9356
i	4428.34	9359
h 0	4428.75	9101
h 0	4430.83	9316
h 0	4435.07	9256
h 0	4438.18	9331
h 0	4438.96	9356
h 0	4440.33	9189
h 0	4441.32	9211
i	4442.25	9386
i	4442.32	9387
i	4443.12	9389
i	4443.23	9390
i	4446.18	9396
h 0	4446.25	9346
i	4447.58	9400
i	4455.36	9417
h 0	4460.24	9347
h 0	4460.83	9396
h 0	4461.13	9059
h 0	4462.15	9237
h 0	4466.88	9318
h 0	4466.95	9387
i	4467.99	9439
i	4470.17	9443
i	4471.43	9446
h 0	4472	9228
h 0	4472.64	8950
h 0	4473.11	9221
h 0	4476.9	8943
i	4478.54	9460
i	4479.61	9463
h 0	4480.07	9359
h 0	4480.61	9389
i	4483.62	9471
i	4484.37	9473
h 0	4485.2	9471
h 0	4487.6	9446
h 0	4489.3	8903
h 0	4493.37	9101
h 0	4496.19	9316
h 0	4496.25	9463
h 0	4502.6	9256
i	4503.44	9505
h 0	4503.96	9331
h 0	4506.76	9417
h 0	4508.73	9356
h 0	4509.88	9443
i	4513.59	9523
h 0	4516.16	9346
i	4516.66	9529
i	4516.7	9530
i	4519.42	9535
i	4521.53	9540
h 0	4522	9396
h 0	4524.14	9237
h 0	4526.16	9540
i	4527.4	9552
i	4528.13	9554
h 0	4529.23	9347
h 0	4530.96	9529
h 0	4534.05	9228
h 0	4540.39	9359
h 0	4544.69	9473
i	4545.19	9586
h 0	4548.79	9586
i	4549.93	9594
i	4555.89	9604
h 0	4557.3	9530
i	4558.7	9610
h 0	4561.56	9316
h 0	4564.16	9463
h 0	4564.86	9594
h 0	4567.93	9505
i	4568.19	9629
h 0	4569.74	9331
h 0	4570.13	9256
h 0	4574.02	9443
h 0	4577.63	9523
h 0	4578.51	9356
h 0	4578.67	9535
h 0	4579.3	9552
i	4580.25	9649
i	4580.76	9651
i	4582.49	9655
i	4582.5	9656
h 0	4582.8	9629
h 0	4583.17	9396
i	4583.27	9659
h 0	4586.07	9346
i	4587.75	9669
i	4588.68	9673
h 0	4591.78	9649
i	4592.55	9680
i	4594.3	9683
i	4595.37	9686
i	4595.44	9687
h 0	4595.72	9604
i	4597.03	9690
h 0	4598.23	9347
h 0	4598.26	9529
i	4598.72	9694
i	4599.12	9696
i	4603.45	9706
i	4606.72	9713
h 0	4609.28	9690
h 0	4613.7	9586
h 0	4617.59	9656
h 0	4621.79	9655
h 0	4624.8	9530
h 0	4625.15	9659
h 0	4625.57	9651
i	4626.49	9750
h 0	4628.94	9594
h 0	4637.67	9256
h 0	4638.21	9687
h 0	4638.75	9683
h 0	4640.04	9694
h 0	4641.78	9669
i	4644.03	9783
h 0	4645.19	9552
h 0	4646.87	9673
h 0	4646.94	9535
i	4655.05	9804
h 0	4655.27	9649
i	4655.69	9806
h 0	4660.31	9686
h 0	4660.37	9750
i	4660.78	9816
h 0	4662.81	9604
h 0	4664.42	9706
h 0	4665.14	9804
i	4671.61	9837
i	4672.62	9840
h 0	4675.73	9656
h 0	4678.61	9586
i	4680.67	9857
i	4684.61	9866
i	4686.26	9869
h 0	4687.77	9783
i	4690.48	9879
h 0	4691.28	9651
i	4692.61	9884
h 0	4694.95	9659
i	4699.12	9895
h 0	4701.29	9840
i	4701.84	9901
h 0	4702.06	9683
h 0	4702.23	9884
i	4703.95	9906
i	4705.08	9910
h 0	4706.8	9694
h 0	4707.1	9816
h 0	4709.16	9879
h 0	4711.09	9552
i	4712.04	9922
i	4712.06	9923
i	4712.08	9924
h 0	4713.63	9673
i	4714.3	9930
h 0	4714.53	9922
h 0	4718.15	9895
i	4718.3	9940
h 0	4721.4	9940
i	4721.93	9947
i	4726.55	9959
i	4726.55	9958
h 0	4727.2	9901
i	4728.49	9964
i	4728.6	9965
h 0	4728.95	9804
h 0	4729.51	9750
h 0	4729.9	9604
i	4731.09	9969
i	4731.96	9971
h 0	4732.05	9706
h 0	4732.46	9869
h 0	4733.87	9656
i	4734.54	9976
h 0	4736.77	9947
h 0	4736.83	9906
h 0	4741.6	9857
i	4745.82	9998
h 0	4746.6	9910
h 0	4753.35	9924
h 0	4756.84	9923
h 0	4758.08	9969
h 0	4760.46	9959
h 0	4762.58	9976
h 0	4764.76	9659
h 0	4765.37	9683
h 0	4769.73	9884
h 0	4773.57	9694
h 0	4774.68	9879
h 0	4789.75	9940
h 0	4792.02	9656
h 0	4793.99	9906
h 0	4798.65	9750
h 0	4800.14	9947
h 0	4801.58	9869
h 0	4801.63	9998
h 0	4807.08	9910
h 0	4818.69	9924
h 0	4826.22	9969
h 0	4827.05	9923
h 0	4828.27	9959
h 0	4831.35	9976
h 0	4851.16	9906
h 0	4858.09	9940
h 0	4863.52	9947
h 0	4867.79	9750
h 0	4868.12	9998
h 0	4884.04	9924
h 0	4894.35	9969
h 0	4896.08	9959
h 0	4897.26	9923
h 0	4900.11	9976
h 0	4963.89	9959
