i	16.732	16
i	19.42	19
t 0	28.522	19
i	33.068	26
t 0	38.088	16
i	70.379	59
i	72.834	62
i	75.772	65
i	79.116	67
i	85.962	75
t 0	86.617	75
i	100.952	83
h 0	111.037	67
h 0	129.698	83
t 0	136.547	83
i	137.77	104
i	141.683	107
t 0	150.292	107
i	161.412	117
h 0	168.685	104
i	174.154	125
i	182.577	134
t 0	188.375	134
i	210.356	158
h 0	240.07	158
i	241.277	177
h 0	271.38	177
t 0	288.641	177
i	317.71	221
i	321.137	224
i	342.28	246
h 0	347.022	221
i	353.673	256
h 0	371.841	246
i	372.027	272
t 0	384.591	272
i	411.013	303
i	412.752	306
i	418.877	310
i	420.43	313
i	427.916	317
h 0	439.326	303
h 0	448.52	306
t 0	451.466	313
i	452.217	332
t 0	453.885	332
i	463.705	335
i	471.737	341
i	482.762	354
i	485.914	356
h 0	490.781	335
i	510.764	368
t 0	511.731	306
i	535.779	384
i	537.274	385
i	539.498	387
t 0	539.526	384
h 0	541.791	368
i	542.909	390
t 0	544.844	368
t 0	568.62	385
h 0	573.424	390
h 0	578.39	387
t 0	580.122	390
i	599.714	424
i	601.263	427
i	602.214	429
t 0	603.076	429
t 0	621.029	427
i	628.18	452
i	628.801	454
i	632.194	457
i	634.293	462
i	635.417	464
i	644.903	466
t 0	651.776	452
i	658.104	478
t 0	662.871	478
h 0	663.138	462
i	707.623	508
i	710.774	511
i	729.937	522
t 0	744.491	522
i	757.438	537
t 0	768.027	537
i	782.935	555
i	788.59	559
h 0	813.106	555
i	815.587	582
t 0	822.322	555
h 0	822.456	559
t 0	834.417	559
i	840.103	600
h 0	844.903	582
i	873.452	613
i	874.963	614
i	881.674	620
t 0	884.582	582
i	897.236	632
h 0	908.288	614
i	908.558	642
i	911.644	644
i	924.047	653
i	938.065	660
t 0	941.54	614
h 0	943.072	644
i	949.798	667
h 0	955.287	653
h 0	968.136	660
i	975.363	685
i	981.851	692
i	986.782	694
i	995.77	702
t 0	996.59	685
t 0	1005.12	660
h 0	1009.02	692
t 0	1016.3	694
i	1026.5	732
h 0	1026.63	702
i	1054.94	745
i	1067.68	756
i	1071.8	759
h 0	1083.59	745
i	1097.08	776
h 0	1097.8	756
t 0	1099.1	759
t 0	1105.47	756
i	1120.78	799
h 0	1128.72	776
i	1137.03	802
i	1144.6	807
i	1145.19	809
h 0	1146.12	799
i	1168.52	826
i	1170.23	828
t 0	1174.76	776
h 0	1177.45	807
i	1182.78	837
h 0	1196.35	826
t 0	1197.22	828
i	1213.18	862
i	1236.34	878
i	1236.69	879
h 0	1245.05	862
t 0	1252.29	862
i	1254.28	888
t 0	1261.13	888
i	1272.44	899
i	1277.12	904
t 0	1288.26	904
i	1289.73	909
i	1293.14	911
h 0	1299.94	899
i	1308.69	926
t 0	1310.82	911
i	1315.51	930
h 0	1319.74	909
i	1324.59	936
h 0	1338.24	926
i	1351.48	957
i	1362.64	962
i	1377.55	974
i	1389.1	984
h 0	1401.2	962
i	1404.34	997
h 0	1404.47	974
i	1408.15	999
i	1413.48	1003
t 0	1415.94	999
i	1432.36	1015
t 0	1433.86	997
h 0	1441.24	1003
t 0	1442.84	1015
i	1444.88	1028
i	1448.28	1030
t 0	1456.5	962
h 0	1475	1028
i	1475.15	1057
t 0	1477.35	1028
i	1477.41	1059
h 0	1482.34	1030
t 0	1482.54	1057
i	1488.06	1070
t 0	1491.59	1003
i	1502.34	1078
i	1502.89	1079
h 0	1521.79	1070
h 0	1528.67	1078
i	1534.6	1105
h 0	1534.65	1079
t 0	1538.05	1079
i	1546.5	1114
i	1557.02	1124
i	1571.32	1134
i	1574.64	1135
i	1599.4	1150
h 0	1603.75	1135
i	1612.65	1158
i	1616	1161
h 0	1630.03	1150
i	1631.11	1169
i	1640.44	1173
h 0	1644.02	1161
t 0	1644.63	1158
i	1708.7	1217
i	1709.05	1218
t 0	1712.88	1217
i	1726.01	1238
i	1728.07	1241
i	1739.47	1250
h 0	1740.74	1218
i	1746.32	1253
i	1747.53	1254
t 0	1748.63	1241
i	1755.28	1258
i	1755.91	1259
h 0	1758.04	1238
t 0	1760.37	1218
i	1763.03	1264
h 0	1774.2	1254
t 0	1782.28	1258
h 0	1792.05	1264
i	1799.05	1294
i	1803.11	1295
i	1805.61	1297
t 0	1815.38	1295
t 0	1827	1254
i	1827.28	1309
i	1832.87	1313
h 0	1837.77	1297
t 0	1838.21	1297
i	1843.59	1324
i	1861.72	1339
i	1871.36	1344
i	1892.06	1351
i	1898.18	1354
i	1901.35	1357
h 0	1903.28	1344
i	1911.41	1363
i	1931.37	1375
i	1937.99	1380
t 0	1952.48	1344
h 0	1959.67	1375
i	1967.15	1401
h 0	1968.55	1380
h 0	1997.59	1401
i	2007.67	1426
i	2010.33	1429
t 0	2020.49	1429
i	2039.78	1451
i	2042.56	1455
i	2045.92	1459
t 0	2049.34	1451
i	2060.39	1470
i	2064.44	1475
h 0	2078.31	1459
h 0	2090.74	1470
i	2092.36	1496
t 0	2094.27	1459
t 0	2097.62	1496
t 0	2102.76	1470
i	2113.79	1516
i	2123.51	1522
i	2138.61	1531
h 0	2144.25	1516
t 0	2144.79	1531
i	2151.8	1540
h 0	2154.06	1522
i	2158.18	1550
i	2163.63	1556
i	2167.25	1559
i	2171.8	1564
t 0	2173.85	1516
i	2186.14	1574
h 0	2197.35	1559
i	2198.97	1583
h 0	2199.77	1564
t 0	2216.96	1583
i	2223.58	1606
i	2231.5	1610
h 0	2252.98	1606
i	2260.45	1637
t 0	2275.02	1606
i	2281.34	1652
h 0	2289.83	1637
i	2293.66	1660
i	2304	1667
h 0	2313.53	1652
i	2314.76	1677
t 0	2319.92	1637
i	2320.92	1682
h 0	2323.31	1660
i	2357.93	1722
i	2364.84	1727
i	2370.25	1731
i	2370.82	1732
i	2371.35	1735
t 0	2372.43	1722
i	2374.43	1739
i	2383.26	1750
h 0	2395.2	1727
t 0	2399.27	1735
h 0	2400.24	1739
i	2404.18	1765
h 0	2411.92	1750
t 0	2412.5	1765
i	2435.98	1789
i	2441.15	1794
i	2442.94	1800
t 0	2452.32	1800
i	2455.01	1808
t 0	2455.38	1808
h 0	2465.71	1789
h 0	2473.77	1794
i	2525.97	1861
i	2534.98	1866
i	2542.36	1870
i	2552.68	1877
t 0	2555.16	1861
i	2566.41	1888
h 0	2568.54	1866
i	2569.2	1891
h 0	2577.49	1870
i	2579.4	1894
h 0	2587.54	1877
i	2591.98	1904
t 0	2592.7	1891
t 0	2600.82	1870
h 0	2609.26	1894
i	2616.33	1920
i	2620.37	1925
t 0	2629.51	1894
i	2642.78	1940
h 0	2645.7	1920
h 0	2650.83	1925
i	2657.4	1950
i	2662.49	1952
i	2662.74	1953
i	2675.27	1964
h 0	2686.16	1950
h 0	2690.45	1953
h 0	2706.86	1964
t 0	2707.82	1953
t 0	2708.4	1925
i	2709.51	1989
i	2709.69	1990
i	2733.34	2005
i	2736.39	2008
t 0	2736.52	1989
i	2738.28	2009
t 0	2741.72	1950
i	2743.86	2012
h 0	2763.29	2005
h 0	2769.18	2009
i	2771.66	2034
t 0	2773.74	2005
i	2775.69	2039
i	2776.02	2040
i	2777.88	2042
i	2778.28	2043
i	2783.35	2046
t 0	2791.13	2040
i	2794.76	2055
i	2794.98	2056
t 0	2797.83	2046
h 0	2802.13	2039
h 0	2803.89	2034
t 0	2810.11	2034
h 0	2822.84	2055
i	2822.97	2071
t 0	2827.96	2055
i	2828.39	2077
i	2834.33	2082
i	2843.21	2085
i	2846.97	2087
h 0	2855.84	2077
h 0	2857.08	2071
t 0	2859.11	2085
h 0	2861.8	2082
i	2863.79	2104
t 0	2865.75	2104
i	2869.78	2106
i	2874.05	2110
i	2879.72	2114
i	2879.98	2115
h 0	2896.66	2106
i	2898.9	2127
t 0	2905.15	2127
h 0	2910.67	2115
h 0	2911.71	2114
t 0	2915.07	2082
i	2918.19	2135
t 0	2920.16	2071
i	2931.31	2146
i	2941.7	2158
h 0	2947.82	2135
h 0	2973.35	2158
i	2989.52	2186
i	2996.77	2190
i	3007.73	2203
i	3016.04	2210
i	3025.64	2220
i	3027.45	2222
h 0	3028.36	2190
i	3036.03	2233
i	3036.44	2234
h 0	3040.25	2203
h 0	3045.95	2210
i	3056.93	2251
h 0	3060	2220
h 0	3066.4	2234
h 0	3067.15	2233
t 0	3085	2233
h 0	3086.24	2251
i	3090.54	2270
t 0	3093.77	2234
i	3097.07	2273
t 0	3111.98	2270
i	3124.23	2288
h 0	3125.24	2273
t 0	3140.28	2288
i	3145.54	2309
i	3152.35	2313
i	3155.94	2317
t 0	3166.82	2317
i	3169.19	2331
t 0	3172	2309
t 0	3173.67	2313
t 0	3181.48	2273
i	3187.9	2347
h 0	3198.93	2331
i	3208.4	2359
h 0	3217.43	2347
t 0	3226.33	2331
i	3240.64	2385
i	3245.22	2390
i	3252.13	2397
i	3256.25	2401
t 0	3261.6	2385
i	3262.08	2404
h 0	3273.45	2390
h 0	3283.84	2397
t 0	3285.7	2404
i	3292.58	2430
i	3305.7	2436
t 0	3311.63	2390
i	3312.49	2440
i	3320.91	2446
h 0	3335.2	2436
i	3338.27	2460
h 0	3339.91	2440
i	3348.99	2469
t 0	3351.58	2440
i	3357.92	2474
t 0	3362.55	2460
i	3376.85	2485
h 0	3381.92	2469
t 0	3385.7	2469
i	3434.54	2525
i	3437.88	2529
i	3440.11	2533
i	3449.65	2539
i	3456.13	2546
h 0	3462.55	2525
h 0	3469.41	2529
t 0	3472.35	2525
t 0	3474.52	2529
i	3476.16	2564
i	3477.07	2565
t 0	3477.72	2564
i	3496.85	2586
i	3509.94	2596
i	3514.63	2599
h 0	3525.93	2586
t 0	3548.19	2586
i	3553.23	2623
i	3556.51	2626
i	3564.03	2634
i	3568.49	2637
i	3577.45	2642
h 0	3584.77	2623
h 0	3585.74	2626
h 0	3594.06	2637
t 0	3605.66	2623
h 0	3610.69	2642
i	3614.8	2677
i	3618.22	2681
t 0	3624.82	2677
h 0	3652.16	2681
i	3652.27	2704
t 0	3659.64	2681
i	3661	2709
i	3661.67	2712
t 0	3665.18	2704
i	3665.23	2714
h 0	3692.7	2714
h 0	3693.94	2712
i	3705.23	2737
i	3718.55	2746
i	3723.61	2749
i	3726.74	2752
i	3731.73	2756
t 0	3734.72	2746
i	3749.22	2774
h 0	3753.64	2749
t 0	3756.62	2749
i	3768.2	2796
h 0	3777.26	2774
i	3831.55	2843
i	3837.23	2848
t 0	3838.27	2848
i	3842.33	2853
h 0	3861.34	2843
i	3864.67	2868
h 0	3871.5	2853
i	3903.63	2890
t 0	3918.7	2853
i	3929.77	2911
h 0	3932.31	2890
i	3935.99	2919
i	3936.23	2920
i	3948.21	2931
i	3950.99	2933
i	3961.38	2938
h 0	3961.73	2911
h 0	3967.48	2919
t 0	3969.86	2933
h 0	3993.19	2938
i	4022.43	2985
i	4027.21	2988
t 0	4030.54	2985
i	4037.4	2995
i	4039.19	3000
h 0	4059.99	2988
h 0	4070.39	3000
i	4071.3	3025
i	4074.58	3027
t 0	4077.68	3000
i	4082.93	3034
t 0	4102.55	2988
i	4107.51	3043
i	4117.56	3048
i	4131.37	3056
i	4135.9	3059
t 0	4136.36	3048
h 0	4139.62	3043
i	4139.85	3064
i	4149.01	3068
i	4152.04	3073
i	4158.66	3078
h 0	4161.4	3056
i	4165.91	3083
h 0	4168.53	3059
t 0	4173.34	3068
i	4176.65	3093
h 0	4180.39	3073
i	4181.54	3096
i	4189.22	3104
t 0	4191.27	3043
h 0	4191.69	3078
i	4196.58	3109
i	4197.24	3110
i	4203.58	3114
i	4204.22	3115
t 0	4204.42	3109
h 0	4206.21	3093
t 0	4207.83	3056
h 0	4217.18	3104
i	4219.63	3124
t 0	4221.73	3073
t 0	4221.81	3059
h 0	4227.45	3110
h 0	4231.18	3115
h 0	4235.09	3114
t 0	4235.66	3115
i	4238.54	3136
t 0	4249.88	3093
t 0	4252.25	3114
i	4259.76	3153
i	4271.54	3158
h 0	4285.19	3153
t 0	4288.44	3158
i	4302.5	3184
t 0	4315.54	3153
i	4318.86	3194
t 0	4324.98	3184
i	4330.29	3201
i	4330.37	3202
i	4331.72	3204
t 0	4332.16	3194
i	4333.45	3206
t 0	4338.49	3204
t 0	4357.23	3201
h 0	4358.94	3202
i	4362.92	3221
i	4380.15	3240
h 0	4391.57	3221
t 0	4398.42	3240
i	4413.24	3274
i	4421.84	3278
i	4439.31	3292
h 0	4442.59	3274
i	4447.42	3301
i	4449.06	3303
i	4455.21	3312
t 0	4458.94	3292
i	4474.85	3319
h 0	4482.9	3301
h 0	4483.32	3312
i	4491.2	3328
i	4496.34	3332
i	4506.46	3343
i	4507.35	3344
h 0	4521.01	3328
h 0	4523.09	3332
t 0	4531.53	3312
t 0	4537.22	3301
t 0	4554.24	3332
i	4570.8	3389
i	4576.38	3392
h 0	4610.43	3392
i	4613.63	3418
i	4621.19	3426
i	4626.62	3430
t 0	4629.54	3426
h 0	4641.13	3418
i	4672.25	3456
i	4675.63	3458
t 0	4677.87	3458
i	4686.08	3470
i	4687.02	3471
i	4705.3	3487
i	4709.07	3489
h 0	4713.4	3470
i	4715.63	3494
i	4716.19	3495
h 0	4716.54	3471
t 0	4721.35	3471
t 0	4727.14	3489
i	4728.07	3501
i	4731.98	3505
i	4735.11	3510
i	4741.23	3517
i	4745.12	3519
h 0	4745.66	3494
h 0	4763.73	3501
t 0	4770.98	3519
i	4773.71	3541
i	4778.02	3545
i	4778.18	3546
i	4779.33	3548
t 0	4788.88	3494
i	4797.54	3563
i	4799.21	3564
h 0	4802.09	3541
i	4805.53	3570
i	4815.77	3576
t 0	4817.69	3563
i	4826.68	3584
h 0	4827.9	3564
i	4831.52	3587
t 0	4833.25	3570
t 0	4847.95	3587
i	4863.68	3612
i	4867.86	3619
i	4869.48	3622
i	4871.38	3624
t 0	4883.87	3619
i	4888.67	3636
i	4893.79	3638
h 0	4898.17	3622
h 0	4904.4	3624
i	4905.84	3647
i	4906.55	3648
t 0	4910.15	3636
i	4926.74	3663
i	4929.05	3664
i	4976.54	3696
i	4996.78	3715
i	4999.36	3722
t 0	5001.49	3696
i	5024.3	3735
i	5034.49	3744
i	5047.83	3757
h 0	5052.78	3735
i	5054.92	3762
h 0	5065.26	3744
i	5066.88	3774
h 0	5075.01	3757
h 0	5087.17	3762
i	5098.47	3788
i	5101.26	3790
i	5105.98	3794
i	5107.23	3795
i	5107.89	3797
i	5112.53	3802
t 0	5116.01	3794
i	5120.74	3805
i	5124.37	3811
h 0	5129.7	3788
i	5132.06	3815
h 0	5136.39	3797
h 0	5146.98	3802
i	5148.45	3827
t 0	5155.89	3797
i	5159.3	3834
i	5160.28	3835
t 0	5162.44	3827
i	5171	3841
t 0	5171.61	3802
t 0	5187.2	3834
i	5195.65	3863
h 0	5198.97	3841
i	5199.25	3866
t 0	5203.48	3863
i	5207.5	3870
i	5208.4	3872
t 0	5222.07	3872
t 0	5227.56	3866
h 0	5245.83	3870
t 0	5250.73	3870
i	5252.32	3910
t 0	5272.25	3910
i	5282.74	3930
i	5284.87	3932
i	5294.09	3942
h 0	5312.66	3930
h 0	5319.4	3932
i	5329.94	3970
t 0	5340.12	3932
i	5352.76	3985
t 0	5355.34	3985
i	5357.98	3987
i	5360.49	3993
i	5363.85	3996
t 0	5364.65	3996
t 0	5384.29	3987
i	5397.69	4016
i	5399.93	4018
i	5409.4	4027
i	5418.94	4034
t 0	5426.14	4018
h 0	5440.81	4027
i	5442.75	4046
i	5442.89	4047
t 0	5445.22	4047
i	5446.72	4052
i	5449.29	4055
h 0	5453.51	4034
t 0	5460.23	4034
i	5466.56	4068
h 0	5472.81	4046
h 0	5479.58	4055
i	5484.14	4081
i	5491.19	4089
t 0	5495.24	4089
i	5495.91	4092
h 0	5502.2	4068
t 0	5511.13	4068
i	5513.22	4099
h 0	5515.57	4081
h 0	5524.11	4092
i	5529.74	4106
t 0	5539.31	4099
i	5561.28	4131
t 0	5573.43	4092
i	5589.52	4158
i	5590.28	4159
i	5590.63	4160
i	5603.2	4168
t 0	5615.93	4159
h 0	5616	4158
t 0	5617.81	4158
h 0	5619.4	4160
i	5662.31	4209
i	5665.49	4212
i	5665.8	4213
i	5666.38	4214
t 0	5667.49	4160
i	5668.56	4216
t 0	5668.61	4213
t 0	5674.81	4214
i	5678.89	4225
i	5685.08	4228
i	5687.03	4230
h 0	5692.82	4212
i	5701.09	4238
t 0	5706.76	4230
t 0	5712.21	4212
i	5715.01	4242
h 0	5715.31	4228
i	5737	4256
t 0	5750.14	4256
t 0	5757.01	4228
i	5775.53	4276
i	5782.67	4282
i	5788.01	4287
h 0	5804.1	4276
i	5807.89	4299
h 0	5811.28	4282
h 0	5817.14	4287
t 0	5837.18	4276
i	5842.46	4320
t 0	5851.65	4320
i	5858.62	4326
i	5866.66	4332
i	5868.79	4333
i	5880.31	4340
i	5885.59	4345
h 0	5888.79	4326
h 0	5895.85	4332
h 0	5900.5	4333
t 0	5907.58	4326
h 0	5910.48	4340
i	5912.22	4365
h 0	5915.67	4345
i	5918.06	4367
t 0	5919.21	4365
i	5925.9	4369
h 0	5948.62	4367
h 0	5953.21	4369
i	5975.57	4402
i	5984.9	4409
i	5999.95	4417
i	6008.25	4425
i	6009.69	4426
h 0	6035.63	4425
i	6039.03	4447
h 0	6040.3	4426
i	6050.82	4452
i	6065.79	4465
t 0	6066.81	4426
h 0	6078.71	4452
t 0	6086.22	4465
i	6096.91	4485
i	6102.15	4491
t 0	6102.83	4491
i	6103.44	4494
t 0	6103.96	4485
i	6121.94	4506
i	6126.81	4514
t 0	6129.12	4452
i	6135.4	4519
t 0	6138.01	4514
h 0	6152.32	4506
i	6154.76	4529
t 0	6161.76	4529
i	6168.84	4541
i	6177.13	4549
i	6184.16	4554
i	6187.25	4556
i	6205.81	4568
h 0	6207.97	4549
h 0	6210.74	4554
i	6211.24	4577
i	6212.54	4578
i	6216.49	4580
i	6224.78	4584
i	6234.54	4598
h 0	6242.46	4577
i	6249.92	4608
h 0	6254.63	4584
t 0	6264.43	4598
i	6321.21	4658
i	6322.05	4660
t 0	6333.24	4658
i	6345.5	4672
h 0	6354.19	4660
i	6362.58	4687
i	6370.49	4690
i	6372.69	4692
i	6380.37	4696
i	6400.77	4713
t 0	6401.08	4696
i	6421.23	4726
i	6438	4742
t 0	6465.7	4742
i	6504.36	4777
i	6511.17	4781
i	6517.54	4787
t 0	6518.24	4787
t 0	6522.23	4777
i	6535.83	4799
i	6537.5	4800
t 0	6538.76	4799
h 0	6538.96	4781
i	6554.02	4812
i	6554.13	4813
i	6554.2	4814
i	6554.47	4815
i	6560.95	4817
h 0	6563.77	4800
i	6569.26	4825
t 0	6570.78	4815
i	6577.73	4833
t 0	6578.08	4833
h 0	6582.09	4812
t 0	6582.2	4813
i	6593.39	4848
i	6610.6	4853
i	6611	4854
i	6620.8	4863
i	6623.86	4868
t 0	6624.78	4812
i	6629.44	4871
h 0	6641.39	4853
h 0	6653.87	4868
i	6700.71	4916
i	6716.82	4932
i	6723.98	4939
h 0	6726.39	4916
i	6734.08	4942
i	6741.15	4950
h 0	6746.27	4932
h 0	6755.08	4939
h 0	6772.01	4950
i	6776.1	4978
i	6790.23	4987
i	6792.96	4989
t 0	6799.69	4987
h 0	6801.87	4978
t 0	6804.92	4950
i	6811.22	5003
i	6813.47	5005
i	6814.09	5006
i	6815.32	5011
h 0	6822.67	4989
t 0	6839.51	5011
h 0	6843.54	5006
i	6885.66	5054
i	6887.62	5056
i	6899.84	5063
t 0	6914.36	5054
h 0	6916.8	5056
i	6925.13	5078
i	6940.46	5091
i	6955.22	5099
i	6956.31	5100
i	6966.83	5108
i	6968.54	5109
h 0	6969.18	5091
i	6970.21	5110
i	6971.21	5113
i	6980.13	5119
i	6982.23	5120
i	6993.72	5128
h 0	7000.05	5113
h 0	7000.27	5110
i	7003.18	5133
h 0	7005.56	5119
h 0	7017.48	5128
t 0	7020.04	5133
t 0	7031.3	5119
i	7044.61	5161
t 0	7053.85	5113
t 0	7063.54	5128
i	7066.67	5169
h 0	7077.09	5161
i	7081.68	5180
h 0	7098.22	5169
i	7117.12	5206
i	7118.81	5207
t 0	7121.95	5169
i	7137.94	5220
i	7142.33	5226
i	7142.53	5227
t 0	7145.84	5226
h 0	7146.1	5206
t 0	7146.53	5206
i	7160.62	5241
t 0	7168.15	5241
h 0	7168.37	5220
i	7168.73	5243
h 0	7175.02	5227
i	7189.46	5257
i	7201.92	5261
t 0	7202.69	5257
i	7224.68	5279
i	7226.79	5282
h 0	7232.35	5261
i	7236.67	5289
i	7239.05	5293
h 0	7256.26	5279
t 0	7274.71	5279
i	7299.29	5333
h 0	7329.92	5333
i	7376.66	5375
i	7382.2	5377
i	7400.44	5393
h 0	7410.08	5377
i	7424.4	5408
i	7449.41	5427
i	7449.67	5428
i	7451.27	5429
i	7455.28	5431
h 0	7478.44	5427
h 0	7482.73	5429
i	7483.62	5449
i	7495.54	5457
i	7499.05	5459
i	7499.84	5462
t 0	7504.37	5457
i	7508.94	5469
t 0	7509.23	5469
h 0	7516	5449
t 0	7517.29	5459
i	7522.59	5481
i	7524.41	5482
h 0	7526.53	5462
i	7530.76	5485
h 0	7552.94	5481
i	7560.75	5500
t 0	7562.61	5462
t 0	7570.17	5481
i	7572.78	5507
i	7576.49	5511
i	7591.76	5524
t 0	7594.07	5511
i	7604.68	5527
t 0	7624.57	5527
h 0	7627.71	5524
i	7644.61	5550
i	7660.1	5561
t 0	7661.03	5524
i	7661.07	5562
i	7669.22	5569
i	7669.85	5570
i	7670.7	5571
h 0	7674.43	5550
i	7685.88	5582
h 0	7692.72	5561
i	7693.42	5588
i	7703	5594
h 0	7703.2	5571
h 0	7703.23	5570
i	7705.88	5596
t 0	7711.76	5571
t 0	7712.2	5582
t 0	7717.64	5561
i	7721.72	5614
h 0	7722.24	5588
i	7724.57	5618
h 0	7734.75	5594
h 0	7735.32	5596
i	7738.65	5626
t 0	7752.33	5570
i	7753.24	5635
i	7766.13	5643
i	7773.63	5651
i	7792.35	5661
h 0	7796.11	5643
h 0	7799.16	5651
i	7799.67	5667
i	7808.45	5678
i	7812.08	5680
t 0	7826.26	5651
t 0	7833.04	5643
i	7834.67	5695
i	7844.12	5704
i	7854.09	5709
i	7855.06	5710
h 0	7866.43	5695
h 0	7873.78	5704
i	7875.08	5717
i	7876.67	5720
h 0	7884.25	5709
h 0	7902.99	5717
t 0	7904.41	5717
h 0	7906.96	5720
t 0	7914.4	5704
t 0	7921.7	5720
i	7925.43	5749
i	7945.63	5761
t 0	7972.08	5761
i	7978.81	5786
h 0	8007.61	5786
i	8008	5808
t 0	8008.48	5808
i	8022.28	5823
i	8026.01	5827
t 0	8029.54	5786
i	8037.71	5837
i	8045.12	5842
t 0	8050.31	5827
i	8051.87	5844
h 0	8052.2	5823
t 0	8069.71	5823
i	8074.88	5860
i	8077.83	5861
i	8083.89	5868
h 0	8087.44	5844
h 0	8100.99	5860
t 0	8104.39	5844
h 0	8106.11	5861
i	8120.09	5892
t 0	8121.4	5892
i	8142.07	5907
i	8156.86	5917
t 0	8161.21	5907
i	8163.73	5923
i	8200.75	5947
i	8204.41	5950
t 0	8208.43	5947
h 0	8233.18	5950
t 0	8258.72	5950
i	8261.2	5990
i	8269.53	5993
i	8270.47	5995
t 0	8271.37	5990
i	8276.79	6001
t 0	8287.21	5995
i	8290.03	6012
t 0	8294.5	6012
i	8300.59	6015
h 0	8301.02	5993
h 0	8304.16	6001
t 0	8321.11	6015
i	8324.7	6032
t 0	8327.27	6001
i	8329.6	6037
i	8331.12	6039
t 0	8335.92	6037
t 0	8338.91	6032
i	8339.07	6046
t 0	8340.47	5993
i	8340.86	6048
i	8374.96	6068
i	8386.88	6078
i	8387.88	6079
i	8392.06	6082
i	8396.61	6085
h 0	8410.61	6068
h 0	8416.55	6079
t 0	8418.04	6068
h 0	8423.19	6082
i	8432.56	6106
i	8436.66	6111
i	8456.63	6124
i	8459.93	6129
t 0	8465.58	6124
h 0	8466.6	6111
i	8490.76	6150
i	8496.96	6153
t 0	8501.82	6153
i	8521.42	6174
t 0	8527.13	6174
i	8535.99	6184
i	8585.15	6216
i	8590.03	6219
i	8591.04	6220
i	8591.35	6221
i	8600.09	6225
t 0	8602.84	6216
t 0	8609.56	6220
h 0	8618.72	6221
i	8621.5	6244
h 0	8629.5	6225
i	8637.38	6254
i	8639.35	6258
i	8639.98	6259
i	8641.84	6260
h 0	8651.98	6244
i	8652.88	6268
t 0	8657.43	6259
i	8661.92	6273
t 0	8664.35	6258
t 0	8664.85	6225
i	8666.69	6276
t 0	8668.52	6276
h 0	8668.68	6254
t 0	8669.13	6244
h 0	8683.01	6268
h 0	8690.02	6273
t 0	8692.41	6273
i	8693.5	6294
i	8699.37	6297
t 0	8711.18	6268
i	8712.49	6302
i	8728.37	6311
i	8735.96	6319
h 0	8742.77	6302
i	8753.6	6329
i	8764.08	6336
t 0	8783.78	6329
i	8787	6360
i	8797.04	6369
h 0	8798.55	6336
i	8808.78	6377
i	8810	6379
i	8814.56	6386
t 0	8817.63	6336
t 0	8818.85	6386
h 0	8819.53	6360
t 0	8822.04	6360
t 0	8826.53	6377
h 0	8842	6379
i	8845.72	6407
i	8851.61	6412
t 0	8873.88	6412
i	8874.48	6427
h 0	8875.38	6407
i	8875.97	6428
t 0	8893.33	6407
i	8897.37	6449
i	8903.57	6453
h 0	8914.38	6428
i	8941.84	6477
t 0	8942.85	6428
i	8955.11	6488
i	8969.98	6499
t 0	8983.42	6488
i	9001.52	6520
i	9026.58	6543
i	9038.39	6548
i	9043.86	6553
i	9044.81	6554
t 0	9046.25	6554
t 0	9047.11	6548
t 0	9060.48	6553
h 0	9061.16	6543
t 0	9068.56	6543
i	9082.11	6576
h 0	9110.51	6576
i	9139.1	6629
i	9147.4	6635
i	9154.88	6640
t 0	9167.93	6629
t 0	9171.75	6635
i	9190.57	6665
i	9197.86	6670
t 0	9200.75	6665
i	9214.68	6677
i	9225.43	6692
i	9235.25	6699
i	9240.1	6704
h 0	9242.92	6677
i	9250.46	6708
h 0	9272.41	6704
i	9278.35	6722
h 0	9278.71	6708
t 0	9284.52	6677
i	9286.91	6728
i	9295.28	6737
i	9298.9	6740
t 0	9301.62	6740
i	9304.41	6745
h 0	9311.19	6722
t 0	9318.24	6737
i	9321.05	6762
i	9323.15	6764
i	9325.29	6768
t 0	9335.48	6764
h 0	9352.87	6762
h 0	9356.92	6768
i	9369.68	6807
i	9371.18	6809
t 0	9385.65	6809
i	9389.63	6831
i	9390.96	6833
i	9397.57	6839
i	9407.18	6851
i	9408.32	6853
t 0	9411.76	6853
h 0	9417.85	6831
t 0	9419.28	6831
h 0	9426.73	6839
i	9431.78	6869
h 0	9435.3	6851
i	9435.63	6872
i	9437.06	6874
t 0	9437.96	6851
t 0	9439.02	6872
i	9444.78	6878
i	9454.79	6885
h 0	9469.3	6874
i	9471.28	6899
i	9472.33	6901
t 0	9477.87	6885
t 0	9491.78	6899
i	9492.02	6922
h 0	9501.57	6901
i	9515.16	6940
i	9519.36	6946
i	9522	6948
i	9529.09	6955
i	9531.32	6958
i	9531.4	6959
i	9537.23	6963
i	9541.43	6965
h 0	9546.05	6940
h 0	9549.11	6946
i	9554.79	6979
h 0	9556.62	6948
i	9557.07	6980
h 0	9560.08	6959
h 0	9562.52	6955
i	9568.14	6988
h 0	9568.29	6963
t 0	9570.94	6955
h 0	9572.66	6965
t 0	9578.67	6979
i	9587.55	6997
t 0	9593.15	6959
i	9605.96	7004
i	9607.32	7006
t 0	9610.81	7006
i	9612.82	7010
t 0	9612.86	6965
h 0	9616.28	6997
t 0	9620.65	6963
t 0	9622.66	7010
i	9625.81	7017
i	9635.25	7027
h 0	9654.98	7017
i	9680.12	7052
i	9699.08	7062
i	9706.13	7066
h 0	9709.45	7052
t 0	9713.97	7066
h 0	9727.96	7062
t 0	9728.23	7052
t 0	9731.14	7062
i	9735.2	7085
i	9739.69	7087
i	9755.82	7094
t 0	9756.25	7087
t 0	9763.19	7094
i	9775.99	7110
i	9786.73	7116
t 0	9790.43	7110
i	9804.69	7131
i	9806.53	7132
i	9808.65	7134
h 0	9814.68	7116
i	9817.8	7140
i	9819.76	7141
t 0	9831.56	7134
h 0	9835.71	7132
t 0	9839.6	7141
i	9846.09	7156
h 0	9846.95	7140
t 0	9854.19	7140
i	9878.46	7176
i	9883.47	7178
i	9893.82	7185
t 0	9894.21	7185
h 0	9908.24	7176
i	9913.22	7206
i	9920.74	7208
i	9925.73	7212
t 0	9930.33	7208
h 0	9940.67	7206
i	9944.98	7231
h 0	9955.3	7212
t 0	9961.41	7206
i	9963.17	7243
i	9963.81	7244
i	9985.55	7260
i	9986.51	7263
i	9991.44	7267
i	9992.35	7268
i	9994.97	7271
i	9996.49	7274
t 0	9998.34	7263
t 0	10010.3	7268
t 0	10012.7	7212
t 0	10017.3	7267
i	10025.8	7301
h 0	10027.6	7274
i	10034.8	7308
i	10046.3	7321
t 0	10057.9	7308
i	10064.1	7338
i	10067.5	7339
t 0	10068.3	7274
h 0	10075.4	7321
i	10079.2	7350
t 0	10090.1	7339
t 0	10092.1	7350
i	10116.8	7374
i	10117.2	7375
i	10122.3	7379
t 0	10124.7	7374
i	10132.9	7391
i	10136.2	7396
i	10145.4	7405
h 0	10147.7	7375
t 0	10151.3	7396
t 0	10153.7	7405
h 0	10162.8	7391
i	10173	7426
t 0	10185.1	7375
i	10185.7	7432
i	10196.5	7438
t 0	10196.7	7391
h 0	10202	7426
i	10204	7445
t 0	10210.4	7426
i	10211.9	7455
h 0	10226.7	7438
t 0	10235.3	7455
i	10248.3	7493
i	10253.3	7497
t 0	10255	7438
t 0	10257.9	7497
i	10258.3	7502
h 0	10276.5	7493
i	10277.8	7515
t 0	10282.6	7493
i	10282.8	7518
i	10290.9	7529
h 0	10294.3	7502
i	10297.3	7533
i	10299.9	7535
t 0	10316.2	7535
h 0	10320.5	7529
i	10323.5	7550
t 0	10332	7502
t 0	10337.5	7550
i	10359.7	7573
i	10369.1	7582
i	10371.1	7583
t 0	10372	7582
i	10375.4	7589
i	10384.5	7593
i	10394.1	7596
h 0	10412	7593
i	10434.4	7626
i	10435.7	7629
i	10440.3	7632
t 0	10442.8	7626
i	10454.1	7644
h 0	10485.9	7644
i	10489.6	7671
i	10502	7677
t 0	10510.7	7644
i	10523.2	7689
t 0	10525.5	7677
i	10526	7691
i	10547.4	7709
t 0	10549	7691
i	10550.1	7710
t 0	10550.9	7710
i	10550.9	7712
i	10576	7729
h 0	10577.9	7709
i	10578.2	7731
i	10589.5	7737
h 0	10608.4	7729
i	10624.2	7766
i	10651.6	7787
i	10651.7	7788
h 0	10656.8	7766
t 0	10666.7	7766
t 0	10668	7787
i	10677.7	7799
t 0	10679.5	7788
i	10682.2	7801
i	10697.1	7808
h 0	10710.8	7801
t 0	10717.5	7808
i	10728.6	7831
i	10732	7835
i	10734.5	7837
i	10746.2	7846
i	10750.3	7848
h 0	10755.2	7831
t 0	10758.5	7801
i	10758.8	7853
h 0	10765.5	7837
t 0	10775.8	7848
i	10777.6	7866
i	10783.5	7873
i	10790.4	7878
h 0	10792.8	7853
t 0	10793.6	7837
i	10802.8	7889
i	10808.5	7898
i	10808.5	7899
i	10821.8	7907
i	10825.4	7909
i	10828.9	7911
i	10829.9	7913
t 0	10833.3	7899
h 0	10834.1	7889
h 0	10837.9	7898
t 0	10844.9	7898
t 0	10846.8	7913
h 0	10854.2	7907
h 0	10857.7	7909
i	10872.9	7953
i	10876	7954
i	10880.6	7959
i	10883.5	7962
t 0	10885.9	7962
i	10891	7966
t 0	10899.5	7953
t 0	10901.2	7909
h 0	10905.5	7954
t 0	10914.1	7966
i	10914.5	7979
i	10916	7982
t 0	10920.9	7982
i	10929.7	7989
t 0	10931.2	7979
i	10934.2	7993
t 0	10935.1	7954
i	10937.2	7998
i	10983.3	8033
i	10991.8	8040
i	10992.3	8042
i	11001.4	8048
i	11004.6	8049
h 0	11010.3	8033
t 0	11023.5	8033
i	11029.5	8070
i	11054.7	8087
i	11073.3	8099
i	11080	8100
i	11091.6	8106
i	11092.7	8108
i	11099.9	8116
t 0	11106.7	8108
i	11112.2	8125
h 0	11113.3	8100
i	11113.9	8126
i	11118.9	8129
h 0	11121.6	8106
t 0	11125.1	8106
i	11130.3	8144
t 0	11132.4	8129
h 0	11132.8	8116
i	11132.9	8147
h 0	11141.4	8126
t 0	11144	8100
i	11145	8156
i	11145.1	8157
t 0	11150.3	8144
i	11153.1	8164
i	11153.2	8166
i	11162	8175
h 0	11164.8	8147
t 0	11171	8157
h 0	11174.1	8156
i	11179.4	8188
h 0	11182.3	8164
t 0	11191.8	8175
i	11192.9	8193
i	11194.9	8195
i	11197	8196
t 0	11198.7	8188
i	11201.3	8200
t 0	11202.8	8195
i	11204.8	8203
t 0	11209.7	8203
t 0	11220.8	8147
h 0	11223.9	8193
i	11229.5	8217
t 0	11229.9	8200
t 0	11230.7	8193
t 0	11230.8	8196
h 0	11258.7	8217
i	11282	8254
i	11284.8	8258
i	11299.2	8269
i	11301.2	8270
i	11306.1	8273
i	11311.5	8278
i	11312	8279
i	11312.6	8280
i	11317.6	8288
t 0	11324.6	8279
h 0	11327.6	8269
i	11328	8299
h 0	11335	8273
t 0	11339.9	8269
t 0	11342.6	8280
h 0	11343	8278
i	11354.9	8314
t 0	11356.9	8299
h 0	11383.9	8314
i	11389.7	8335
t 0	11392.7	8314
t 0	11396.8	8335
t 0	11405.6	8278
i	11468.5	8385
i	11485.6	8402
t 0	11490.9	8402
i	11493.5	8407
i	11496	8411
h 0	11498.2	8385
i	11506.2	8416
h 0	11520.4	8407
i	11522	8430
h 0	11526.9	8411
t 0	11532.3	8407
i	11537.7	8437
t 0	11545.7	8385
i	11552.4	8445
i	11557.5	8447
i	11563.3	8452
i	11566.3	8454
t 0	11579.4	8452
h 0	11587	8447
h 0	11596	8454
i	11596.5	8474
i	11602.7	8479
i	11621.1	8492
h 0	11629.3	8479
t 0	11630	8479
i	11631.8	8499
i	11631.9	8500
i	11638.7	8503
i	11651.4	8514
h 0	11651.7	8492
t 0	11655.3	8500
i	11657.5	8519
h 0	11659.4	8499
i	11663.7	8522
t 0	11674.3	8499
i	11677.7	8534
h 0	11683.5	8514
t 0	11683.6	8514
i	11683.9	8539
t 0	11686.2	8534
h 0	11687.5	8519
i	11689	8546
i	11689.6	8547
i	11696.9	8549
i	11697.7	8550
t 0	11698.9	8546
h 0	11710.8	8539
i	11711.7	8559
i	11715.8	8565
i	11725.8	8574
t 0	11737.3	8539
h 0	11741.3	8559
h 0	11745.4	8565
i	11746.7	8591
i	11747.5	8593
t 0	11750.8	8591
t 0	11759.7	8593
i	11760.6	8602
i	11767.5	8607
t 0	11772.3	8559
t 0	11777.3	8607
h 0	11787.5	8602
i	11791.7	8627
i	11815.8	8645
i	11824.8	8655
i	11827	8658
i	11829.9	8660
i	11831.1	8661
i	11841.9	8665
h 0	11842.9	8645
t 0	11845	8661
i	11846.3	8667
h 0	11853.8	8658
t 0	11857.9	8667
h 0	11860.6	8660
t 0	11862	8665
i	11869.7	8681
t 0	11869.8	8645
t 0	11879.5	8660
i	11884.7	8689
i	11887.1	8695
t 0	11891.2	8681
i	11894.9	8705
i	11905.4	8713
t 0	11906.9	8658
i	11923.6	8728
i	11924	8729
i	11924.3	8730
h 0	11924.9	8705
h 0	11935.3	8713
i	11938.8	8739
i	11943	8741
h 0	11954.7	8730
h 0	11957.8	8729
h 0	11970.9	8739
h 0	11973.7	8741
i	11974.5	8775
t 0	11976.9	8775
t 0	11980.2	8741
i	11981.4	8783
t 0	11997.3	8783
i	12042	8827
i	12047.2	8831
t 0	12052.3	8827
i	12071.3	8843
i	12077.2	8849
h 0	12078	8831
i	12080.5	8852
i	12094.5	8860
i	12105.3	8867
h 0	12110.7	8852
h 0	12126.1	8860
i	12156.5	8891
i	12164.8	8900
t 0	12168.6	8852
t 0	12172.3	8860
i	12174	8913
h 0	12187.7	8891
i	12194.4	8928
i	12212.6	8944
h 0	12221.9	8928
t 0	12241.4	8944
i	12242.4	8965
i	12259.5	8979
i	12265.7	8985
i	12280.7	8992
h 0	12287.1	8979
i	12293	9003
i	12293.6	9004
i	12305.1	9017
h 0	12312.7	8992
t 0	12324.5	8979
i	12329.1	9029
h 0	12336.4	9017
i	12340.1	9040
t 0	12340.8	9029
i	12359.7	9052
i	12368.6	9059
t 0	12370.7	9017
i	12377.4	9066
i	12379.3	9068
i	12380	9069
i	12381.8	9072
t 0	12388.4	9066
h 0	12398.6	9059
i	12410.5	9087
h 0	12412	9072
t 0	12423.7	9072
i	12507.3	9151
i	12507.4	9152
i	12510.3	9155
i	12510.5	9156
i	12520.1	9164
h 0	12534.1	9152
i	12537.8	9173
i	12539.9	9174
i	12546.1	9182
t 0	12546.3	9173
i	12553.5	9186
i	12562.6	9197
i	12575.2	9212
i	12576.3	9215
i	12580.3	9220
h 0	12583.6	9186
t 0	12583.7	9152
i	12583.9	9221
h 0	12589.5	9197
t 0	12592.6	9220
i	12596.7	9230
i	12601.7	9234
i	12603.9	9235
i	12612.4	9243
i	12614	9246
t 0	12617.1	9246
h 0	12622.8	9230
i	12623.9	9251
h 0	12631.7	9235
h 0	12640.9	9243
i	12644.3	9264
h 0	12650.5	9251
t 0	12652.3	9230
t 0	12659.5	9243
h 0	12673.5	9264
i	12701.7	9308
i	12703.4	9310
h 0	12733	9310
h 0	12734.9	9308
i	12737.8	9336
i	12757.2	9350
i	12763.3	9353
i	12768.7	9357
i	12769.2	9359
i	12778.8	9365
t 0	12781.8	9365
t 0	12784.5	9357
i	12791.2	9371
t 0	12792.6	9308
h 0	12793	9353
h 0	12799.9	9359
h 0	12823.2	9371
t 0	12832.6	9359
i	12860.1	9411
h 0	12889.1	9411
i	12892.1	9427
i	12900.9	9433
i	12902.2	9434
i	12913.4	9447
i	12918.3	9453
h 0	12921.9	9427
t 0	12928	9453
i	12933.4	9468
t 0	12934.5	9468
h 0	12942.1	9447
i	12950.7	9476
i	12963.1	9481
i	13026.7	9522
i	13028.6	9525
h 0	13054.6	9522
h 0	13057.7	9525
i	13068.7	9548
t 0	13081.9	9522
i	13083.7	9561
h 0	13100.3	9548
i	13102.6	9574
i	13110.3	9581
t 0	13114.3	9525
i	13114.5	9582
i	13114.6	9583
i	13126	9591
h 0	13131.6	9574
i	13134.6	9599
t 0	13138.7	9591
h 0	13142.6	9581
h 0	13147.1	9583
t 0	13148.9	9574
i	13149.2	9604
t 0	13160.5	9548
i	13160.9	9615
i	13165.8	9618
i	13166.2	9619
h 0	13168.6	9599
h 0	13177.7	9604
t 0	13177.9	9583
i	13181.3	9628
i	13184.5	9632
h 0	13188.5	9615
h 0	13190.7	9619
t 0	13193.3	9615
h 0	13194.7	9618
h 0	13213.9	9632
i	13214	9652
t 0	13234.9	9599
i	13235.3	9666
i	13236.7	9669
t 0	13243	9632
h 0	13263.7	9666
h 0	13264.8	9669
i	13282.1	9699
i	13291.2	9703
i	13294.1	9705
i	13298.5	9709
i	13299.2	9710
i	13300.1	9711
i	13300.2	9712
i	13304.7	9715
h 0	13320.1	9703
h 0	13330.9	9712
h 0	13336.3	9715
i	13338.4	9740
t 0	13338.7	9712
i	13351.2	9747
i	13356	9753
t 0	13356.5	9753
i	13357.2	9754
h 0	13366.6	9740
i	13367.2	9758
i	13368.9	9759
i	13375.3	9764
h 0	13379.7	9747
h 0	13386.8	9754
i	13396.1	9776
h 0	13398.1	9758
h 0	13408.5	9764
i	13412.8	9787
i	13414.5	9791
i	13416	9793
t 0	13420.5	9758
i	13432	9807
h 0	13449.5	9793
i	13453.9	9830
t 0	13457.7	9764
i	13474.1	9836
i	13476.2	9838
t 0	13478.5	9793
i	13480.7	9845
h 0	13484.3	9830
i	13488.5	9850
i	13496.1	9856
t 0	13497.8	9850
t 0	13501.1	9845
i	13501.1	9861
i	13506	9864
h 0	13506.2	9836
i	13520.2	9881
h 0	13522.5	9856
t 0	13527.6	9864
i	13531	9887
h 0	13533	9861
t 0	13538.5	9881
i	13538.7	9890
t 0	13538.7	9861
i	13546.1	9895
t 0	13549.2	9887
i	13551	9897
t 0	13551.3	9856
t 0	13556.5	9895
h 0	13568.2	9890
h 0	13581.5	9897
i	13590.4	9925
i	13599.9	9932
t 0	13600.3	9897
t 0	13601.8	9925
i	13626.3	9952
i	13658.2	9976
i	13667	9981
t 0	13672.1	9981
success	drop	block	
447	0	0
